phi,psi
-59.2657470703125,144.64376831054688
-52.02485275268555,139.569091796875
-109.30445861816406,176.77374267578125
-145.27760314941406,144.73666381835938
-95.09879302978516,167.043701171875
-133.6476593017578,148.08218383789062
-67.16232299804688,141.4713134765625
-112.98804473876953,151.7583465576172
-112.60785675048828,161.95008850097656
-122.83720397949219,155.23211669921875
-120.05288696289062,163.26409912109375
-85.99934387207031,144.35337829589844
-80.99137878417969,133.04393005371094
-78.10913848876953,169.17767333984375
-114.11378479003906,152.2865753173828
-66.06636810302734,154.6493682861328
-129.43878173828125,162.971923828125
-83.5140151977539,178.82180786132812
-66.49700927734375,155.23028564453125
-96.43897247314453,158.948486328125
-82.14176940917969,130.14739990234375
-79.77335357666016,151.95799255371094
-114.61512756347656,134.304931640625
-87.89013671875,173.600830078125
-80.86197662353516,148.3379669189453
-83.82344055175781,55.61138153076172
-120.5262222290039,160.00283813476562
-87.28374481201172,175.2939910888672
-66.6666030883789,145.2129364013672
-82.69818878173828,154.62261962890625
-100.47118377685547,161.89892578125
-92.84741973876953,74.75762939453125
-95.04315185546875,171.2578582763672
-99.0183334350586,167.43569946289062
-94.63325500488281,-162.9492645263672
-68.78213500976562,136.3809356689453
-108.7776107788086,177.67893981933594
-96.9628677368164,155.6349334716797
-122.72364044189453,130.26226806640625
-92.12486267089844,144.3010711669922
-99.10298156738281,172.4298095703125
-91.12541961669922,162.47348022460938
-97.71552276611328,-166.18768310546875
-135.27967834472656,156.42930603027344
-106.14655303955078,-173.42919921875
-76.25875091552734,178.45947265625
-70.26669311523438,69.08229064941406
-76.80144500732422,140.83653259277344
-106.40364837646484,153.12989807128906
-85.007080078125,154.20265197753906
-82.08287811279297,156.65896606445312
-56.971412658691406,136.62315368652344
-73.09403228759766,168.53245544433594
-80.35696411132812,161.9230194091797
-96.22261810302734,152.36590576171875
-99.93004608154297,149.29815673828125
-67.50672912597656,151.8633575439453
-114.17976379394531,149.18487548828125
-51.01887893676758,148.8185272216797
-111.31100463867188,153.44509887695312
-65.84107971191406,177.2259979248047
-99.20746612548828,164.15145874023438
-115.33333587646484,170.38095092773438
-91.18108367919922,-157.83363342285156
-71.059326171875,159.1454315185547
-125.54725646972656,119.968505859375
-85.35680389404297,167.18643188476562
-78.14866638183594,159.71434020996094
-74.40299224853516,165.96023559570312
-77.96870422363281,-169.1065673828125
-69.57270812988281,163.6973114013672
-137.50967407226562,158.5536346435547
-133.03672790527344,93.92903900146484
-91.12889862060547,147.47396850585938
-67.98728942871094,150.48623657226562
-75.91056060791016,164.9302215576172
-111.81810760498047,-175.32342529296875
-112.56221008300781,162.68087768554688
-83.57427215576172,170.67559814453125
-104.47737121582031,137.8975830078125
-96.78215789794922,153.4355010986328
-96.4012680053711,141.8188934326172
-139.509521484375,146.36572265625
-58.91379165649414,134.376708984375
-82.66951751708984,147.51437377929688
-125.69073486328125,45.49675750732422
-78.6888198852539,169.540771484375
-92.82764434814453,137.37081909179688
-50.049560546875,131.47927856445312
-86.335205078125,148.58807373046875
-77.15686798095703,152.9481964111328
-110.6681137084961,149.763427734375
-96.36659240722656,149.589599609375
-102.76639556884766,175.6836395263672
-134.80087280273438,155.37107849121094
-71.93246459960938,169.15370178222656
-77.64348602294922,149.65623474121094
-72.98373413085938,144.63084411621094
-93.04801940917969,156.84738159179688
-93.45478820800781,161.8212890625
-109.00675964355469,169.06297302246094
-56.96791076660156,161.0502166748047
-68.87682342529297,147.91981506347656
-76.88048553466797,152.7714385986328
-72.85930633544922,172.57785034179688
-101.7044677734375,138.6151580810547
-91.90953826904297,166.29173278808594
-111.55973815917969,144.26025390625
-124.04536437988281,142.4767608642578
-94.68659973144531,164.7548370361328
-64.06858825683594,160.9715576171875
-98.55126190185547,151.5589599609375
-95.62059783935547,-150.19590759277344
-86.04154205322266,-37.87628936767578
-76.25372314453125,158.74400329589844
-129.3536834716797,150.4467315673828
-78.56084442138672,163.27059936523438
-128.5865020751953,171.9569549560547
-97.23824310302734,150.54290771484375
-74.24359893798828,159.0135498046875
-81.7789077758789,160.36431884765625
-99.89216613769531,161.11370849609375
-92.43264770507812,152.0730743408203
-101.60240936279297,170.17510986328125
-122.01814270019531,148.36532592773438
-81.96308135986328,37.448883056640625
-74.18538665771484,164.09388732910156
-92.88508605957031,160.99716186523438
-77.47392272949219,135.16709899902344
-82.73973846435547,-178.9493408203125
-62.94729232788086,173.08848571777344
-86.75887298583984,-176.0343475341797
-100.09490203857422,155.94577026367188
-59.709224700927734,140.66941833496094
-87.3702621459961,153.08468627929688
-84.92730712890625,147.9577178955078
-73.88582611083984,157.35308837890625
-98.50904846191406,156.25787353515625
-82.67847442626953,161.85667419433594
-111.18063354492188,174.22804260253906
-87.80956268310547,117.12772369384766
-118.03141021728516,-178.3279266357422
-85.01130676269531,165.51473999023438
-83.67134094238281,148.24754333496094
-81.90032196044922,137.63771057128906
-101.46446228027344,135.8894500732422
-73.61325073242188,87.51012420654297
-101.25941467285156,146.46832275390625
-85.73480987548828,161.90377807617188
-120.14266204833984,140.89004516601562
-62.923831939697266,161.1442413330078
-90.09395599365234,156.77642822265625
-74.6496810913086,154.03627014160156
-88.07630157470703,158.8338165283203
-123.73881530761719,124.62174224853516
-82.88011932373047,155.28004455566406
-86.80209350585938,158.5399627685547
-92.35625457763672,173.80943298339844
-63.64311981201172,177.21205139160156
-33.29352569580078,135.4240264892578
-97.37238311767578,161.06402587890625
-117.29194641113281,178.44509887695312
-68.03205871582031,-29.434528350830078
-93.12329864501953,-19.75595474243164
-125.55313110351562,-10.456417083740234
-81.82188415527344,41.80508041381836
-114.51534271240234,1.5975338220596313
-77.57611846923828,103.33137512207031
-129.48959350585938,126.93694305419922
-100.43331909179688,167.98541259765625
-110.2762680053711,155.78994750976562
-63.564788818359375,136.71286010742188
-76.7485580444336,164.07867431640625
-78.59309387207031,166.46836853027344
-105.76842498779297,153.16464233398438
-68.62879180908203,138.9852752685547
-132.7913055419922,166.68545532226562
-82.59608459472656,159.59815979003906
-81.07525634765625,161.26309204101562
-118.85218048095703,170.9210968017578
-123.50056457519531,153.9407958984375
-110.77239990234375,-46.09096145629883
-75.12994384765625,-36.453468322753906
-125.08124542236328,-33.61066818237305
-90.9204330444336,147.2467803955078
-112.34577178955078,-177.68060302734375
-80.2911376953125,145.9946746826172
-64.77737426757812,161.04966735839844
-80.76819610595703,159.5386962890625
-65.09269714355469,157.86761474609375
-79.87316131591797,173.38340759277344
-113.0059814453125,145.09014892578125
-118.79866027832031,177.2459716796875
-92.29308319091797,170.36936950683594
-100.088134765625,-176.37869262695312
-96.14899444580078,-126.14617156982422
-106.92945098876953,160.3763427734375
-85.80347442626953,142.3026123046875
-74.96392059326172,137.7033233642578
-124.58071899414062,178.7815704345703
-86.05325317382812,166.44937133789062
-65.46935272216797,114.2865982055664
-87.98796844482422,138.82969665527344
-108.82450866699219,145.2846221923828
-115.37736511230469,147.15843200683594
-68.29881286621094,145.8660430908203
-80.95247650146484,153.43524169921875
-68.02671813964844,128.37716674804688
-110.67716217041016,147.946044921875
-143.23080444335938,-175.07638549804688
-93.30872344970703,130.0294189453125
-92.542724609375,146.2347412109375
-104.9737777709961,-44.114723205566406
-121.02992248535156,-42.441864013671875
-104.96163177490234,-173.6591033935547
-112.07672119140625,169.47254943847656
-137.0920867919922,158.0912628173828
-131.0109405517578,-144.72830200195312
-103.32227325439453,147.0850372314453
-112.54717254638672,168.7006378173828
-106.10155487060547,150.45652770996094
-87.72661590576172,143.26065063476562
-72.7647705078125,139.3865509033203
-103.08427429199219,60.628082275390625
-85.57463073730469,-22.593345642089844
-76.77188873291016,-16.365116119384766
-90.58714294433594,-6.350480079650879
-112.14309692382812,-11.64992904663086
-105.07476806640625,-23.005544662475586
-93.08560943603516,-5.848641395568848
-130.01377868652344,161.0637664794922
-70.26638793945312,164.9658966064453
-99.0655288696289,-178.66732788085938
-77.5196304321289,113.46471405029297
-93.52601623535156,150.6470489501953
-77.1964111328125,62.10892105102539
-85.68997955322266,155.80563354492188
-102.13624572753906,154.97032165527344
-106.8082504272461,169.63302612304688
-81.63285827636719,154.2115020751953
-92.1000747680664,172.05064392089844
-78.69639587402344,160.39662170410156
-71.51094818115234,178.5325927734375
-82.30877685546875,131.72425842285156
-85.81294250488281,153.06484985351562
-105.90172576904297,136.89210510253906
-86.93848419189453,146.512451171875
-104.89791107177734,152.6164093017578
-146.6481170654297,160.35171508789062
-118.37092590332031,-177.46665954589844
-89.20789337158203,137.42796325683594
-90.97582244873047,167.2659149169922
-95.0474853515625,164.77134704589844
-151.88009643554688,138.00279235839844
-53.59574508666992,150.00621032714844
-74.82947540283203,177.71444702148438
-111.75655364990234,19.36836814880371
-76.82959747314453,38.993064880371094
-98.53347778320312,-25.22359275817871
-89.01612854003906,-12.467657089233398
-114.82141876220703,126.40191650390625
-62.12692642211914,142.93495178222656
-92.98015594482422,-144.65187072753906
-97.40157318115234,153.71044921875
-97.97367095947266,155.60182189941406
-70.92729187011719,138.82199096679688
-66.10751342773438,155.27578735351562
-116.66739654541016,169.25552368164062
-76.58766174316406,-47.54081726074219
-77.73007202148438,-175.71607971191406
-110.16522216796875,151.78759765625
-59.728458404541016,152.9114990234375
-85.5008544921875,171.42503356933594
-78.11029815673828,156.37515258789062
-65.49714660644531,148.52569580078125
-87.77718353271484,-172.0897979736328
-63.2317008972168,154.440185546875
-75.19381713867188,140.90260314941406
-128.00875854492188,168.86444091796875
-88.01496887207031,153.78285217285156
-106.99332427978516,143.4925537109375
-73.96293640136719,139.94012451171875
-117.36044311523438,136.5229949951172
-103.39567565917969,146.36187744140625
-123.69342041015625,177.37353515625
-88.99095916748047,160.74168395996094
-72.65863037109375,151.6765594482422
-95.94105529785156,149.7472381591797
-87.66954040527344,145.09207153320312
-94.48893737792969,138.40786743164062
-81.82421875,144.3038787841797
-101.32750701904297,-171.81654357910156
-125.74871063232422,172.1514129638672
-111.43089294433594,166.18714904785156
-109.50139617919922,143.32315063476562
-55.25141143798828,136.25070190429688
-63.62624740600586,147.11398315429688
-55.624454498291016,162.35726928710938
-99.6489486694336,175.59780883789062
-87.78495025634766,165.03163146972656
-144.64808654785156,113.88655090332031
-84.73751831054688,178.37985229492188
-131.05162048339844,159.37339782714844
-75.03345489501953,138.8722381591797
-91.17189025878906,169.49713134765625
-79.63435363769531,150.17550659179688
-68.16056060791016,155.18316650390625
-92.63060760498047,166.84556579589844
-113.8289794921875,-177.69967651367188
-75.36351013183594,137.66246032714844
-73.72181701660156,156.85829162597656
-68.9872055053711,159.01654052734375
-77.322265625,118.60595703125
-59.17594909667969,-132.3338165283203
-106.19844818115234,172.8412628173828
-86.95516204833984,146.69508361816406
-75.11084747314453,145.9373779296875
-88.75051879882812,125.00955963134766
-82.0157699584961,144.79428100585938
-127.39213562011719,127.13285827636719
-89.29683685302734,154.92799377441406
-89.83413696289062,163.78115844726562
-88.50202178955078,164.25750732421875
-101.81037902832031,155.6307830810547
-123.09892272949219,165.19613647460938
-137.40582275390625,150.40194702148438
-90.41079711914062,142.58059692382812
-67.26089477539062,158.4049072265625
-70.54963684082031,155.75704956054688
-110.08928680419922,-162.89651489257812
-76.24085998535156,147.73231506347656
-92.13911437988281,154.94129943847656
-123.31468963623047,141.3878631591797
-63.158966064453125,157.53903198242188
-108.81086730957031,137.07736206054688
-99.7790756225586,49.55677795410156
-95.53506469726562,163.54090881347656
-123.81849670410156,151.80172729492188
-67.25271606445312,146.11233520507812
-85.54823303222656,177.42822265625
-110.876953125,-170.11990356445312
-112.00030517578125,151.96035766601562
-82.28988647460938,132.6742706298828
-93.16361236572266,140.5828857421875
-134.54127502441406,136.23910522460938
-62.42900466918945,144.34449768066406
-59.04841613769531,173.1603240966797
-84.97022247314453,157.269775390625
-71.27605438232422,130.057861328125
-58.85140609741211,143.47328186035156
-68.81682586669922,155.46571350097656
-144.9351348876953,141.43821716308594
-93.30200958251953,153.09071350097656
-82.16790771484375,113.71622467041016
-76.70378875732422,131.82522583007812
-106.19300079345703,166.35247802734375
-71.58788299560547,163.27789306640625
-112.13419342041016,178.7538299560547
-72.55133056640625,140.99668884277344
-87.20010375976562,152.01318359375
-93.86097717285156,159.18922424316406
-100.72887420654297,156.38818359375
-132.94943237304688,146.04986572265625
-91.2179946899414,149.1514129638672
-83.58521270751953,15.251350402832031
-106.72129821777344,-49.99197769165039
-80.14067077636719,139.95689392089844
-116.55311584472656,84.63228607177734
-90.0496597290039,153.10333251953125
-68.51261901855469,147.89169311523438
-136.02354431152344,165.1334991455078
-94.52743530273438,134.8431396484375
-70.30362701416016,135.49623107910156
-68.9657974243164,-11.727039337158203
-105.77132415771484,-2.3089990615844727
-108.34635925292969,-12.913704872131348
-110.04747009277344,-43.04347229003906
-77.88514709472656,143.15521240234375
-95.04179382324219,155.992431640625
-109.60155487060547,159.76438903808594
-84.73553466796875,170.1093292236328
-114.97914123535156,70.50850677490234
-117.62385559082031,-19.922269821166992
-115.04551696777344,170.34335327148438
-70.16063690185547,167.45018005371094
-104.77287292480469,151.38784790039062
-76.06173706054688,150.42031860351562
-117.6282958984375,149.84820556640625
-92.00555419921875,-3.4482357501983643
-135.82716369628906,127.27506256103516
-128.2949676513672,169.81478881835938
-99.62377166748047,158.2476348876953
-68.39435577392578,157.23170471191406
-78.44683074951172,-171.7743377685547
-60.812164306640625,153.24632263183594
-82.86448669433594,167.1038818359375
-73.81926727294922,68.0541763305664
-99.83724212646484,147.47206115722656
-89.9983139038086,155.90188598632812
-91.8311767578125,161.5848846435547
-89.00556182861328,154.7269287109375
-86.55499267578125,165.53152465820312
-79.04056549072266,52.495670318603516
-114.21693420410156,160.35968017578125
-58.7166862487793,144.9939727783203
-78.99649047851562,159.52520751953125
-97.83924102783203,159.515869140625
-82.61058807373047,156.4839324951172
-70.51139068603516,142.73797607421875
-110.49365997314453,150.01260375976562
-88.23967742919922,164.1458740234375
-68.84176635742188,146.99716186523438
-53.395240783691406,160.74273681640625
-72.81849670410156,161.268310546875
-74.31285858154297,143.83291625976562
-82.6209945678711,-45.24120330810547
-74.11417388916016,-30.316308975219727
-85.83102416992188,-46.698486328125
-148.70452880859375,2.3656198978424072
-61.776161193847656,-25.682849884033203
-72.39900207519531,148.4241485595703
-81.77348327636719,169.15371704101562
-77.30306243896484,99.29829406738281
-89.88016510009766,-172.0182647705078
-73.87994384765625,44.861228942871094
-82.95443725585938,66.80770874023438
-94.81796264648438,85.10591125488281
-68.87858581542969,140.58535766601562
-99.23787689208984,165.0566864013672
-130.30030822753906,170.90435791015625
-91.6256332397461,158.3090362548828
-62.1305046081543,105.5831527709961
-126.88097381591797,173.7360382080078
-86.17220306396484,156.31304931640625
-82.79335021972656,160.6305694580078
-134.0050506591797,-28.44504737854004
-58.80179214477539,178.66864013671875
-104.40142059326172,178.3174591064453
-145.19186401367188,160.0891571044922
-130.87266540527344,140.7993927001953
-79.56785583496094,171.16116333007812
-93.93550872802734,170.2787628173828
-69.92672729492188,152.87924194335938
-92.19486999511719,157.7007598876953
-65.01350402832031,155.0567169189453
-119.30192565917969,147.62509155273438
-85.77796173095703,171.37820434570312
-50.87220764160156,145.2291717529297
-78.9386215209961,154.97430419921875
-74.48004150390625,149.59799194335938
-92.2861557006836,175.79452514648438
-123.23399353027344,158.2990264892578
-94.92295837402344,165.1046142578125
-75.03045654296875,169.39366149902344
-86.48912811279297,131.00840759277344
-109.31075286865234,146.22352600097656
-69.09838104248047,150.10818481445312
-53.38765335083008,150.03848266601562
-79.869384765625,165.26327514648438
-103.93942260742188,123.55244445800781
-75.32820892333984,151.06544494628906
-81.90222930908203,145.01785278320312
-98.70879364013672,143.62225341796875
-95.79374694824219,138.0448760986328
-59.85456848144531,135.85647583007812
-87.8753433227539,157.91619873046875
-147.1949462890625,151.7532501220703
-68.83625793457031,124.13762664794922
-150.2631072998047,131.7339324951172
-89.06280517578125,161.76956176757812
-83.62320709228516,158.7105712890625
-93.51155090332031,155.03488159179688
-77.1533203125,136.22348022460938
-69.7428207397461,144.34945678710938
-76.81687927246094,127.79521942138672
-89.12655639648438,157.76393127441406
-92.14452362060547,-174.20223999023438
-94.58204650878906,164.29685974121094
-96.31561279296875,150.65699768066406
-118.33036804199219,141.6420440673828
-117.1176986694336,161.58615112304688
-104.54967498779297,130.94573974609375
-72.92628479003906,20.09381866455078
-137.9604034423828,-32.78889465332031
-94.70145416259766,-62.803184509277344
-83.61934661865234,-34.76805114746094
-132.50296020507812,64.06012725830078
-131.51382446289062,16.987674713134766
-94.06752014160156,-25.633699417114258
-131.19346618652344,159.4064178466797
-81.90387725830078,160.2241973876953
-140.837158203125,128.08648681640625
-121.0229263305664,151.9387969970703
-135.59475708007812,84.25164794921875
-86.02206420898438,154.03335571289062
-66.863525390625,161.7567138671875
-95.12737274169922,160.61737060546875
-99.0138168334961,172.87979125976562
-68.63064575195312,129.93576049804688
-106.07300567626953,-20.56696128845215
-123.62963104248047,-46.05931854248047
-123.23011779785156,-9.197846412658691
-109.24166870117188,-19.750646591186523
-104.84632110595703,-5.457238674163818
-95.22689819335938,-18.1560001373291
-84.8891830444336,56.759979248046875
-106.4602279663086,176.5115509033203
-78.98822784423828,-178.12908935546875
-89.41551208496094,150.87191772460938
-91.18896484375,157.35269165039062
-101.22299194335938,143.24041748046875
-77.63655090332031,165.3531951904297
-66.71785736083984,146.22474670410156
-61.801944732666016,161.08206176757812
-101.4369888305664,147.31236267089844
-107.61343383789062,148.44459533691406
-89.0714111328125,162.41094970703125
-104.98992156982422,158.98056030273438
-80.8046875,168.04962158203125
-73.09100341796875,148.3246612548828
-95.93701171875,141.40818786621094
-67.89289855957031,160.9627227783203
-103.79025268554688,159.95127868652344
-74.31513977050781,-5.86184024810791
-56.376773834228516,145.98143005371094
-118.62603759765625,165.4779815673828
-146.33726501464844,-13.254327774047852
-122.95915985107422,-179.2073974609375
-69.59650421142578,-49.43610763549805
-133.7304229736328,-4.213892936706543
-135.0343017578125,146.14688110351562
-141.52914428710938,154.32632446289062
-119.3691177368164,165.96298217773438
-80.01802062988281,149.2432861328125
-79.1771240234375,120.60169219970703
-123.57405853271484,168.69227600097656
-89.8499755859375,138.8402099609375
-132.58575439453125,139.519775390625
-96.277099609375,171.90847778320312
-96.96704864501953,-3.403069257736206
-77.48332977294922,153.99966430664062
-81.31705474853516,139.63229370117188
-68.56305694580078,147.62600708007812
-90.00961303710938,165.78506469726562
-101.5937271118164,132.8995819091797
-78.20086669921875,-179.44219970703125
-108.7403793334961,161.94805908203125
-128.15383911132812,154.43511962890625
-101.68988037109375,172.6790771484375
-81.78569793701172,176.34632873535156
-104.14203643798828,152.07591247558594
-89.78489685058594,153.6168670654297
-100.50360870361328,156.50750732421875
-70.2413101196289,150.1401824951172
-89.03572082519531,170.38702392578125
-98.48158264160156,157.70953369140625
-80.52610778808594,173.12950134277344
-136.22430419921875,161.12936401367188
-101.79895782470703,156.17832946777344
-89.58343505859375,153.15586853027344
-73.393310546875,150.86907958984375
-75.10421752929688,161.52316284179688
-60.20906448364258,141.93161010742188
-130.8770751953125,179.55174255371094
-78.77413177490234,155.18707275390625
-77.5877456665039,179.6967315673828
-116.89030456542969,156.0537567138672
-74.46238708496094,163.82269287109375
-103.65919494628906,76.34599304199219
-78.38653564453125,47.70867156982422
-85.44029998779297,55.06382751464844
-89.56783294677734,-9.963334083557129
-73.87093353271484,-19.464374542236328
-71.41241455078125,-38.526275634765625
-77.0566635131836,-29.829689025878906
-87.60478973388672,-21.296598434448242
-91.52942657470703,-20.756378173828125
-81.0209732055664,-17.57654571533203
-79.84208679199219,-33.65706253051758
-83.7217788696289,-21.185224533081055
-84.31644439697266,55.30044174194336
-84.927734375,149.1970672607422
-101.51092529296875,162.6092987060547
-100.37174987792969,155.58651733398438
-103.13399505615234,165.8675079345703
-132.16233825683594,158.4446258544922
-69.62616729736328,157.03565979003906
-85.01271057128906,167.1149139404297
-85.93309020996094,172.8427734375
-129.5179443359375,153.82374572753906
-75.9255599975586,156.1775360107422
-90.40449523925781,139.81192016601562
-137.2437744140625,-172.79161071777344
-116.04963684082031,171.14845275878906
-83.91754913330078,159.9158172607422
-95.78675842285156,136.41554260253906
-117.45944213867188,161.39166259765625
-78.73112487792969,151.55438232421875
-80.98735046386719,145.982421875
-102.92680358886719,143.5301971435547
-106.4102783203125,157.1343231201172
-90.61792755126953,145.82882690429688
-70.11824798583984,118.39991760253906
-76.26246643066406,139.23768615722656
-120.837158203125,134.2673797607422
-148.27195739746094,143.33023071289062
-145.3753662109375,-32.508052825927734
-80.0258560180664,-0.526570737361908
-72.06704711914062,19.01139259338379
-94.80768585205078,53.32956314086914
-157.9526824951172,165.64065551757812
-83.08222198486328,154.8733367919922
-92.11333465576172,156.39132690429688
-111.82456970214844,147.65194702148438
-74.7586669921875,144.31668090820312
-113.4361801147461,146.87950134277344
-137.32925415039062,146.09080505371094
-76.83901977539062,164.45059204101562
-94.14218139648438,168.69264221191406
-54.685462951660156,144.3563232421875
-76.05479431152344,149.53536987304688
-56.0040168762207,163.38565063476562
-74.3778305053711,153.71051025390625
-77.64952087402344,167.85655212402344
-109.4251480102539,177.26869201660156
-74.65065002441406,154.2171173095703
-89.44098663330078,157.112548828125
-91.48242950439453,164.14785766601562
-83.3280258178711,157.31687927246094
-137.77435302734375,150.62608337402344
-86.76171112060547,178.77113342285156
-92.76017761230469,149.09974670410156
-101.2439193725586,164.12850952148438
-86.05895233154297,156.10360717773438
-80.80028533935547,140.009765625
-73.19768524169922,151.7377166748047
-88.31269836425781,144.8126220703125
-108.27605438232422,154.57032775878906
-132.32958984375,42.10689163208008
-90.26726531982422,48.22618865966797
-111.03680419921875,-47.90632629394531
-89.05724334716797,-5.1569085121154785
-104.10995483398438,41.00251388549805
-94.74756622314453,-45.3470344543457
-118.85167694091797,-14.59752082824707
-77.4247055053711,-173.49435424804688
-98.0921630859375,150.65744018554688
-114.12647247314453,172.0314178466797
-80.40391540527344,134.0614013671875
-132.02239990234375,11.113733291625977
-81.56356811523438,-15.927262306213379
-88.04251098632812,-2.6675283908843994
-94.40796661376953,-16.398929595947266
-101.076171875,48.25812530517578
-89.0108413696289,59.191707611083984
-82.63442993164062,64.59928131103516
-91.21101379394531,-14.012956619262695
-100.3816146850586,86.13928985595703
-136.20870971679688,170.6450653076172
-126.2460708618164,26.726396560668945
-88.35310363769531,-176.4171142578125
-127.45834350585938,124.65630340576172
-114.59001159667969,136.63136291503906
-91.33452606201172,144.13124084472656
-71.0400161743164,-17.565027236938477
-108.53167724609375,-46.05501937866211
-68.97650146484375,131.6206512451172
-114.4129638671875,161.24778747558594
-157.0794677734375,-178.58642578125
-90.00487518310547,155.66342163085938
-92.61305236816406,179.7072296142578
-83.35112762451172,169.3990020751953
-78.10920715332031,133.2686767578125
-122.3226318359375,144.41172790527344
-100.56295013427734,146.31553649902344
-97.8544921875,161.1326904296875
-64.02470397949219,156.45263671875
-76.30911254882812,147.48756408691406
-136.46392822265625,141.49020385742188
-103.36653900146484,135.83917236328125
-121.02791595458984,149.05816650390625
-125.70565032958984,164.1332550048828
-121.58531188964844,162.03125
-86.48417663574219,157.3061981201172
-112.88717651367188,149.3721923828125
-96.84698486328125,125.20191192626953
-85.51948547363281,139.7327423095703
-76.76239013671875,147.96340942382812
-85.28363037109375,177.13063049316406
-103.01109313964844,137.4896240234375
-126.61447143554688,149.894775390625
-81.8477783203125,137.8069305419922
-144.8011016845703,57.6558837890625
-117.98039245605469,-22.68854331970215
-86.80281829833984,-34.94942855834961
-68.494873046875,-53.977230072021484
-95.72080993652344,41.65382385253906
-148.4726104736328,-26.86097526550293
-85.25423431396484,-54.66637420654297
-95.71954345703125,-24.020360946655273
-92.9581298828125,-33.66542053222656
-132.9296417236328,137.9052734375
-77.94147491455078,102.578125
-74.90130615234375,140.928955078125
-83.8208999633789,148.04026794433594
-101.3873519897461,136.2769775390625
-129.51124572753906,165.2063751220703
-84.4390640258789,178.68017578125
-86.3398666381836,149.42393493652344
-89.06915283203125,178.14297485351562
-83.56224822998047,162.89205932617188
-77.86731719970703,155.63035583496094
-78.50140380859375,163.65167236328125
-103.50687408447266,167.04440307617188
-87.77627563476562,168.08505249023438
-72.14440155029297,153.7350616455078
-68.47940826416016,178.56915283203125
-88.82786560058594,143.88998413085938
-60.560577392578125,167.96401977539062
-140.61070251464844,154.44761657714844
-113.36641693115234,142.50906372070312
-85.69918060302734,160.4286346435547
-99.82735443115234,136.4285888671875
-84.24776458740234,140.5097198486328
-104.20283508300781,166.5217742919922
-81.62672424316406,148.49301147460938
-104.82495880126953,155.0682373046875
-65.87261962890625,158.4337921142578
-70.09037017822266,154.89614868164062
-61.79767608642578,158.07728576660156
-117.95896911621094,143.82958984375
-90.46868133544922,156.62185668945312
-87.58344268798828,121.02064514160156
-111.44231414794922,166.2880401611328
-90.40086364746094,157.1927032470703
-84.421875,-179.1069793701172
-95.14849090576172,137.6790008544922
-90.45807647705078,168.157470703125
-92.99752044677734,157.80723571777344
-80.18592834472656,174.5361328125
-84.03958892822266,166.4095916748047
-75.5715103149414,161.78375244140625
-58.50387191772461,148.267822265625
-74.9648666381836,107.53813171386719
-70.03584289550781,164.25010681152344
-77.41521453857422,158.12982177734375
-107.09720611572266,34.91880798339844
-93.30473327636719,165.95684814453125
-74.69773864746094,159.66244506835938
-107.44572448730469,151.6053466796875
-73.01228332519531,156.10121154785156
-114.53343963623047,172.35215759277344
-84.12114715576172,145.86105346679688
-82.47681427001953,170.05322265625
-95.2359848022461,154.08407592773438
-71.33601379394531,145.2002716064453
-76.96214294433594,144.0015411376953
-85.07032012939453,162.22476196289062
-72.0368423461914,166.18019104003906
-41.43457794189453,123.21190643310547
-119.15458679199219,165.21661376953125
-112.82203674316406,172.11668395996094
-98.49876403808594,170.74098205566406
-118.76534271240234,149.15707397460938
-84.93460845947266,153.84249877929688
-87.45753479003906,132.05181884765625
-144.00502014160156,164.05018615722656
-77.49127960205078,-173.2589874267578
-91.38613891601562,166.15625
-97.23928833007812,158.64146423339844
-95.87449645996094,136.4296417236328
-107.16519927978516,133.55718994140625
-64.65910339355469,166.2551727294922
-67.0875015258789,150.14013671875
-73.46212005615234,132.67909240722656
-135.16534423828125,135.2095947265625
-95.04557800292969,158.97549438476562
-90.67029571533203,161.99795532226562
-69.98497009277344,152.68896484375
-68.2051773071289,149.93499755859375
-89.27485656738281,152.22860717773438
-80.63439178466797,140.5491943359375
-108.63246154785156,-178.6060333251953
-87.30724334716797,153.99391174316406
-65.05003356933594,144.04225158691406
-69.1287612915039,164.2677001953125
-84.37564849853516,148.70556640625
-122.17279052734375,160.6941680908203
-66.70291900634766,152.8203582763672
-92.73336791992188,105.63345336914062
-82.92801666259766,160.4456329345703
-94.5269546508789,48.039703369140625
-99.3543701171875,-30.253583908081055
-90.39575958251953,24.77432632446289
-92.6657943725586,-46.951263427734375
-92.51763916015625,-19.131616592407227
-116.05095672607422,54.638790130615234
-117.05887603759766,-20.94045639038086
-84.01526641845703,-16.279224395751953
-122.0631103515625,47.557247161865234
-71.5069580078125,155.29122924804688
-79.16757202148438,156.293701171875
-71.03397369384766,167.46327209472656
-86.01676940917969,133.62005615234375
-85.14859008789062,152.31996154785156
-85.17749786376953,152.52577209472656
-111.6387710571289,176.215576171875
-111.63897705078125,162.1766357421875
-65.39877319335938,144.11936950683594
-71.24727630615234,144.9851837158203
-63.78606033325195,162.924072265625
-104.70043182373047,145.09335327148438
-108.02029418945312,153.2288055419922
-74.32835388183594,169.88449096679688
-134.82444763183594,158.76321411132812
-94.44450378417969,148.18203735351562
-105.17829895019531,158.2429656982422
-69.37080383300781,159.9082489013672
-73.12237548828125,131.34422302246094
-91.27814483642578,152.4241943359375
-95.61492156982422,177.89723205566406
-132.9547119140625,148.91409301757812
-112.19761657714844,147.94732666015625
-83.79306030273438,160.42071533203125
-72.27143859863281,155.3377227783203
-87.00483703613281,156.2314910888672
-77.47721862792969,167.88722229003906
-110.17364501953125,56.98175048828125
-125.80390930175781,160.0115509033203
-93.90811920166016,165.3202667236328
-51.37137985229492,158.2561492919922
-96.29891204833984,149.14732360839844
-78.17781829833984,159.24293518066406
-83.44161987304688,166.0172119140625
-73.99917602539062,170.05113220214844
-74.14952850341797,159.19117736816406
-102.4645767211914,-4.028597354888916
-83.98573303222656,55.478240966796875
-75.58777618408203,152.18446350097656
-95.14920043945312,154.92990112304688
-72.58832550048828,121.76655578613281
-84.47975158691406,154.5644989013672
-93.72455596923828,-162.99063110351562
-89.58324432373047,157.88897705078125
-130.2787628173828,148.41732788085938
-136.6417236328125,22.075204849243164
-96.62519836425781,-22.321674346923828
-136.37217712402344,57.96620178222656
-116.80742645263672,165.6314697265625
-81.55554962158203,136.87820434570312
-59.10993576049805,162.16793823242188
-82.29015350341797,154.08770751953125
-99.80762481689453,-176.5951690673828
-89.53361511230469,150.03793334960938
-66.38948822021484,106.40272521972656
-93.39128112792969,155.67530822753906
-163.0131378173828,141.87966918945312
-63.46110916137695,158.12246704101562
-84.6173324584961,156.39749145507812
-80.59064483642578,146.6352081298828
-83.14347839355469,169.93968200683594
-85.57746887207031,159.40237426757812
-62.0692024230957,147.5020294189453
-77.12409973144531,142.48138427734375
-69.41387939453125,148.3408203125
-101.77230072021484,144.6592559814453
-59.71022033691406,141.44284057617188
-81.1605453491211,56.00542068481445
-119.32536315917969,161.37205505371094
-137.3914031982422,145.8198699951172
-96.9200668334961,148.12643432617188
-129.6957550048828,170.62020874023438
-157.1581268310547,162.90357971191406
-114.81620025634766,155.57933044433594
-73.95740509033203,124.9053726196289
-70.2066421508789,175.47579956054688
-84.26996612548828,177.01756286621094
-153.0562744140625,167.82554626464844
-115.28083038330078,153.4759063720703
-114.50646209716797,157.2027587890625
-93.59844970703125,156.1849822998047
-109.89383697509766,162.86959838867188
-90.0169448852539,171.7921600341797
-77.89154052734375,-176.90481567382812
-72.2840347290039,163.0247802734375
-85.14868927001953,170.5654754638672
-132.15036010742188,163.13722229003906
-94.99358367919922,148.40701293945312
-144.32408142089844,159.3999481201172
-60.536190032958984,168.4031524658203
-74.71198272705078,161.68748474121094
-159.68002319335938,166.41192626953125
-75.85125732421875,159.30982971191406
-149.00355529785156,144.13485717773438
-93.49669647216797,152.13746643066406
-86.83293151855469,158.8755645751953
-81.48426818847656,166.79518127441406
-104.33541870117188,152.74005126953125
-158.5760498046875,-28.345626831054688
-82.47962188720703,36.24136734008789
-73.77963256835938,-29.182340621948242
-84.31158447265625,28.016952514648438
-56.779579162597656,-38.53745651245117
-157.88577270507812,-21.7646541595459
-133.09608459472656,-29.6085262298584
-115.47088623046875,-26.082406997680664
-88.2650375366211,-21.058456420898438
-137.02731323242188,-14.88090991973877
-92.26834869384766,64.53477478027344
-76.4725112915039,-169.11622619628906
-76.19727325439453,-172.26907348632812
-148.1859893798828,162.8211212158203
-148.0812530517578,166.387451171875
-91.50851440429688,148.9585723876953
-84.60636138916016,152.10894775390625
-162.1992950439453,155.0957489013672
-71.6628646850586,139.53598022460938
-97.47592163085938,-161.00401306152344
-104.77406311035156,159.7554473876953
-74.98291015625,151.23448181152344
-168.47157287597656,153.97848510742188
-90.9393539428711,166.4424591064453
-64.81358337402344,-176.20681762695312
-69.74179077148438,154.70562744140625
-64.60616302490234,150.62249755859375
-121.25977325439453,165.83816528320312
-71.1938247680664,166.53530883789062
-166.35890197753906,161.95599365234375
-129.6887664794922,141.2339324951172
-73.4289321899414,156.66929626464844
-142.94332885742188,156.0097198486328
-91.3311538696289,148.10824584960938
-155.0876922607422,165.16220092773438
-161.43568420410156,163.94273376464844
-84.09172058105469,160.42831420898438
-145.3013458251953,168.79136657714844
-144.34341430664062,169.57745361328125
-151.89064025878906,146.65341186523438
-99.26567077636719,144.14895629882812
-86.2625732421875,159.905029296875
-70.84803771972656,164.83045959472656
-86.4898910522461,160.9391326904297
-59.89992141723633,160.78004455566406
-80.750244140625,151.18202209472656
-118.70648193359375,147.9467315673828
-91.6106185913086,161.5977783203125
-89.42328643798828,150.29946899414062
-104.36170196533203,161.94061279296875
-75.53364562988281,-178.25347900390625
-53.46071243286133,153.08602905273438
-74.69121551513672,157.974365234375
-123.94131469726562,165.0858612060547
-69.70524597167969,160.06910705566406
-92.71343994140625,152.3665771484375
-142.3766632080078,172.757568359375
-90.01048278808594,159.59957885742188
-99.63125610351562,-171.5525360107422
-79.76770782470703,136.0846405029297
-80.53974914550781,162.1621551513672
-84.01585388183594,157.67306518554688
-76.51567077636719,158.69569396972656
-82.66014862060547,161.93019104003906
-75.13507843017578,164.25723266601562
-58.8486213684082,172.3321990966797
-74.49663543701172,155.2480010986328
-109.50934600830078,148.7354736328125
-97.84903717041016,155.3435821533203
-62.55522537231445,179.15478515625
-77.96562957763672,156.35397338867188
-97.41242218017578,167.91998291015625
-91.05064392089844,172.1788787841797
-104.11864471435547,178.20480346679688
-79.4927978515625,155.99249267578125
-78.96027374267578,99.7951889038086
-89.16954040527344,149.43333435058594
-68.88721466064453,162.6356658935547
-79.55284881591797,87.031005859375
-90.43815612792969,3.675628423690796
-101.94827270507812,148.86383056640625
-74.47577667236328,140.90768432617188
-86.04002380371094,98.2105941772461
-79.4468994140625,156.8695068359375
-140.86538696289062,166.3197784423828
-69.50865936279297,160.89312744140625
-94.24384307861328,150.8974609375
-90.20791625976562,149.9330291748047
-63.48778533935547,134.65533447265625
-79.1958999633789,164.70436096191406
-95.72595977783203,140.21597290039062
-97.39949035644531,-172.8755645751953
-62.241912841796875,167.84483337402344
-73.97077941894531,66.46917724609375
-152.29254150390625,156.2777557373047
-81.34733581542969,157.08642578125
-82.58576202392578,156.6948699951172
-85.12523651123047,161.38211059570312
-69.68775177001953,155.62149047851562
-100.3138656616211,160.34033203125
-80.87981414794922,167.48892211914062
-51.194278717041016,146.79190063476562
