phi,psi
-68.0858383178711,165.020751953125
-82.00447845458984,150.2501220703125
-77.18913269042969,154.66224670410156
-91.14498138427734,172.302490234375
-65.37809753417969,174.41575622558594
-68.55927276611328,158.37229919433594
-85.53282165527344,168.7314910888672
-84.30900573730469,157.65806579589844
-56.860198974609375,157.5707550048828
-94.43915557861328,140.16744995117188
-78.20403289794922,149.35858154296875
-86.02129364013672,173.58917236328125
-58.5613899230957,169.57179260253906
-67.82904815673828,158.4738006591797
-77.93191528320312,147.22364807128906
-97.80320739746094,176.41981506347656
-82.6582260131836,164.7605743408203
-71.42306518554688,141.9193572998047
-75.54545593261719,150.39280700683594
-70.74195861816406,158.03005981445312
-81.08683776855469,-177.79949951171875
-79.8411636352539,152.1642608642578
-75.18511962890625,157.4278106689453
-89.63225555419922,175.70138549804688
-65.39168548583984,-177.07015991210938
-70.15169525146484,174.6517333984375
-49.16617965698242,135.85768127441406
-75.7078857421875,163.89694213867188
-83.17233276367188,156.1673583984375
-47.3106803894043,175.6519317626953
-67.37844848632812,163.71531677246094
-80.01654052734375,174.4615936279297
-73.02430725097656,-170.7561492919922
-85.97975158691406,173.7469024658203
-85.61289978027344,-166.21856689453125
-74.25666046142578,150.60293579101562
-65.26508331298828,171.7174530029297
-70.2688980102539,153.41763305664062
-83.1356201171875,-158.47183227539062
-65.76403045654297,123.06524658203125
-34.53102111816406,170.73565673828125
-68.39884185791016,148.67465209960938
-66.6693115234375,171.66900634765625
-60.54750442504883,-176.5733184814453
-29.93628692626953,135.4935302734375
-62.33480453491211,165.8164520263672
-71.21712493896484,178.67681884765625
-62.85151290893555,148.20127868652344
-62.715763092041016,142.3908233642578
-74.99796295166016,157.70785522460938
-78.49971008300781,170.578857421875
-50.467376708984375,141.87960815429688
-85.29045104980469,139.36257934570312
-70.31270599365234,-167.84393310546875
-70.13407135009766,156.41380310058594
-71.826416015625,157.56906127929688
-45.57514572143555,170.7311553955078
-54.50929260253906,161.3317413330078
-53.95857620239258,164.74386596679688
-69.81112670898438,158.86866760253906
-66.15294647216797,153.08950805664062
-87.64291381835938,179.99818420410156
-58.86697769165039,151.05381774902344
-86.71870422363281,153.25418090820312
-83.09171295166016,134.79019165039062
-49.692138671875,139.20281982421875
-67.21040344238281,179.6604461669922
-60.60612869262695,145.99195861816406
-94.1245346069336,-170.28713989257812
-69.19190216064453,159.26527404785156
-59.51643371582031,137.60223388671875
-59.03569030761719,166.78759765625
-70.84893035888672,138.54098510742188
-103.65449523925781,177.5751953125
-72.0819091796875,146.8899383544922
-72.87435913085938,162.3660430908203
-77.04011535644531,177.5635528564453
-65.68587493896484,-174.3541259765625
-70.98527526855469,169.0822296142578
-97.42135620117188,163.5465545654297
-82.01676177978516,174.3974151611328
-87.44217681884766,-177.17166137695312
-77.27031707763672,150.509521484375
-34.5337028503418,164.49542236328125
-48.659278869628906,162.9803924560547
-85.98889923095703,150.3083038330078
-66.40225982666016,143.56370544433594
-69.71170806884766,155.43812561035156
-74.25703430175781,128.44541931152344
-60.005393981933594,161.64259338378906
-75.99397277832031,159.36065673828125
-77.10899353027344,173.8146514892578
-74.09225463867188,157.76400756835938
-74.34976959228516,171.5729522705078
-72.02915954589844,160.0090789794922
-85.98396301269531,157.62416076660156
-84.85436248779297,154.64442443847656
-66.47734069824219,163.68624877929688
-74.23184204101562,150.02178955078125
-71.5278091430664,172.3173370361328
-76.4725112915039,159.38951110839844
-85.37406921386719,159.25335693359375
-65.51448059082031,146.33984375
-71.46341705322266,143.551025390625
-78.71871948242188,139.54177856445312
-46.365013122558594,142.30911254882812
-57.027767181396484,-171.2103271484375
-70.7719955444336,140.27230834960938
-97.26593017578125,156.63656616210938
-81.66234588623047,152.41258239746094
-88.14275360107422,162.1041717529297
-70.1586685180664,160.95083618164062
-69.22454071044922,174.46006774902344
-71.96810913085938,175.2951202392578
-67.19786834716797,172.1264190673828
-73.67115020751953,143.74298095703125
-73.64335632324219,173.24490356445312
-91.52425384521484,154.3133544921875
-71.67658996582031,152.51095581054688
-52.495487213134766,154.9149627685547
-82.63458251953125,143.140625
-63.02823257446289,146.4780731201172
-62.320316314697266,153.6054229736328
-90.74942016601562,144.0914764404297
-88.13679504394531,166.17318725585938
-82.07025909423828,-177.6127166748047
-83.2093734741211,151.12637329101562
-79.29859924316406,174.57888793945312
-62.73721694946289,-174.46400451660156
-83.78282165527344,144.81024169921875
-79.06816101074219,162.22238159179688
-62.0100212097168,-177.019287109375
-63.834957122802734,176.74346923828125
-71.4643325805664,171.05477905273438
-70.59508514404297,123.4469985961914
-74.85249328613281,167.99012756347656
-68.85930633544922,134.15054321289062
-84.05723571777344,147.24412536621094
-59.42056655883789,150.35775756835938
-77.24201202392578,167.94833374023438
-68.04014587402344,163.9593505859375
-65.31901550292969,147.41612243652344
-73.87753295898438,166.4722900390625
-67.11756134033203,149.51763916015625
-77.53926086425781,165.51251220703125
-80.25820922851562,116.92230224609375
-75.75785827636719,-162.68470764160156
-93.56598663330078,144.67453002929688
-70.32614135742188,150.3961944580078
-49.09188461303711,158.1062774658203
-54.47467803955078,153.5124053955078
-57.79689407348633,167.91798400878906
-69.41397094726562,173.5809326171875
-80.29293060302734,165.6973114013672
-81.40849304199219,178.59837341308594
-67.46661376953125,152.5452880859375
-57.38017654418945,135.60011291503906
-68.10407257080078,163.02340698242188
-74.76806640625,153.71038818359375
-41.12691116333008,172.56393432617188
-83.02857971191406,117.2042236328125
-84.97430419921875,179.90704345703125
-87.75025939941406,164.71282958984375
-95.95610046386719,171.95199584960938
-61.8760871887207,-175.30856323242188
-66.92951965332031,159.422607421875
-96.60545349121094,-179.05679321289062
-80.6899185180664,152.03451538085938
-67.71949005126953,162.6292266845703
-75.2227554321289,144.4254150390625
-75.60081481933594,-176.74537658691406
-81.32682037353516,166.5587158203125
-58.51224136352539,161.38438415527344
-53.36839294433594,148.97030639648438
-83.59501647949219,163.91827392578125
-70.24071502685547,154.57867431640625
-81.61778259277344,-175.8839874267578
-86.2761001586914,171.8997802734375
-72.04951477050781,178.08787536621094
-72.29203033447266,-158.82156372070312
-73.97561645507812,176.2764129638672
-82.58125305175781,150.6692657470703
-74.09841918945312,170.1862335205078
-57.099918365478516,169.14549255371094
-79.08164978027344,146.07325744628906
-90.46282958984375,158.01019287109375
-82.54515075683594,157.61151123046875
-60.59172439575195,173.97242736816406
-81.8748779296875,175.84323120117188
-67.60350799560547,142.51504516601562
-61.83556365966797,164.57211303710938
-66.58499908447266,177.4961700439453
-44.6395263671875,158.35964965820312
-74.76604461669922,150.5196075439453
-73.80633544921875,-176.32078552246094
-89.84519958496094,-179.92295837402344
-67.25285339355469,151.37864685058594
-65.90133666992188,-176.74505615234375
-78.7817611694336,159.56654357910156
-57.894168853759766,139.01348876953125
-67.59449005126953,143.9394989013672
-83.1363754272461,174.99290466308594
-71.46998596191406,-174.22393798828125
-81.5664291381836,173.14492797851562
-70.36897277832031,-172.86619567871094
-45.313629150390625,153.11904907226562
-91.84918975830078,165.21360778808594
-84.1832504272461,178.05763244628906
-81.7581787109375,-172.10809326171875
-81.04125213623047,179.3369903564453
-65.93168640136719,158.60174560546875
-72.72734069824219,163.28187561035156
-64.99291229248047,145.692626953125
-81.54634857177734,-173.4173126220703
-72.39932250976562,173.39183044433594
-70.88330078125,163.97036743164062
-81.17428588867188,171.61849975585938
-73.07282257080078,142.6705780029297
-90.36058044433594,147.34117126464844
-90.59626770019531,165.6404266357422
-60.639434814453125,160.87680053710938
-89.93289947509766,-166.40838623046875
-75.47552490234375,178.0506591796875
-63.6659049987793,154.3740234375
-78.77220916748047,143.44683837890625
-78.39813995361328,165.65780639648438
-91.79955291748047,126.71383666992188
-73.50570678710938,157.33567810058594
-62.60348129272461,145.21949768066406
-69.0311279296875,144.8158416748047
-67.0964126586914,176.57644653320312
-75.36048126220703,174.840576171875
-48.702266693115234,159.78720092773438
-72.73412322998047,177.47213745117188
-51.66020965576172,156.2517852783203
-90.80520629882812,-172.5029754638672
-65.31188201904297,151.79627990722656
-80.4806137084961,131.18092346191406
-71.22954559326172,174.9663848876953
-53.098838806152344,149.62217712402344
-72.15107727050781,149.294677734375
-51.88356018066406,163.6638946533203
-101.67898559570312,163.32237243652344
-63.280372619628906,165.42095947265625
-67.15870666503906,170.3936004638672
-65.19684600830078,148.2238311767578
-90.06797790527344,178.45030212402344
-64.2209701538086,147.43507385253906
-91.18070220947266,-173.60317993164062
-95.79496765136719,179.74417114257812
-66.96097564697266,140.1847686767578
-65.80929565429688,-176.91151428222656
-76.80778503417969,177.50596618652344
-44.274391174316406,164.44354248046875
-43.214656829833984,156.65248107910156
-78.4769058227539,175.38922119140625
-85.41808319091797,170.2598114013672
-69.58161163330078,134.9222869873047
-59.80482482910156,174.56649780273438
-66.15399169921875,-176.17282104492188
-77.25005340576172,161.3829803466797
-73.64392852783203,166.4820098876953
-82.80087280273438,154.67398071289062
-66.31211853027344,157.8174591064453
-66.39627075195312,135.85040283203125
-74.1167984008789,170.30105590820312
-63.81092834472656,155.9091033935547
-78.07667541503906,166.4513397216797
-70.79956817626953,171.6672821044922
-52.466896057128906,172.75582885742188
-58.90751647949219,176.29049682617188
-66.36783599853516,155.6169891357422
-55.176326751708984,141.6366729736328
-71.86811065673828,128.75857543945312
-67.5606918334961,173.34841918945312
-79.98765563964844,150.7924346923828
-73.40570068359375,141.60800170898438
-88.24309539794922,161.01365661621094
-81.54322052001953,-171.33677673339844
-77.7246322631836,147.1781463623047
-69.44925689697266,-178.16610717773438
-83.75241088867188,148.21157836914062
-42.221092224121094,173.55592346191406
-64.75218200683594,-176.70361328125
-87.0964126586914,-177.71360778808594
-65.56434631347656,162.91921997070312
-71.73033905029297,-159.8584747314453
-62.37571716308594,178.13006591796875
-60.72121810913086,151.8386993408203
-68.21822357177734,164.4648895263672
-57.104740142822266,162.86972045898438
-87.9796371459961,170.42686462402344
-79.31798553466797,158.09732055664062
-84.95049285888672,171.9261016845703
-52.296722412109375,144.3096160888672
-77.55113220214844,159.24781799316406
-82.06486511230469,141.72940063476562
-74.32767486572266,173.7738800048828
-73.82505798339844,163.64022827148438
-62.56442642211914,157.43826293945312
-55.29398727416992,148.22830200195312
-83.11285400390625,150.81719970703125
-56.5379524230957,177.00367736816406
-76.55754089355469,159.24363708496094
-87.32640075683594,-179.75782775878906
-91.69795989990234,154.4875946044922
-51.41065216064453,154.43641662597656
-97.56382751464844,159.01589965820312
-85.58169555664062,179.5898895263672
-53.22492599487305,161.25216674804688
-74.42926788330078,171.72616577148438
-66.96227264404297,174.4648895263672
-73.32275390625,-161.07481384277344
-97.83951568603516,177.95042419433594
-67.9151611328125,164.33641052246094
-83.88542175292969,166.85423278808594
-72.02876281738281,135.0640106201172
-63.0186882019043,152.73226928710938
-88.1588134765625,144.40863037109375
-54.57731628417969,167.9689178466797
-59.02227783203125,147.8268280029297
-74.60455322265625,168.1788330078125
-96.54296875,153.0829620361328
-70.78396606445312,151.85885620117188
-83.75711822509766,175.83853149414062
-75.570556640625,149.10958862304688
-72.3022689819336,157.3112030029297
-45.27622604370117,160.37887573242188
-68.99015808105469,176.7311553955078
-79.33500671386719,172.21875
-87.04914855957031,158.97265625
-71.75636291503906,175.22314453125
-92.02095031738281,163.4939727783203
-67.95315551757812,178.49520874023438
-68.44058227539062,174.87034606933594
-65.2110366821289,138.69754028320312
-56.81931686401367,171.41810607910156
-53.864036560058594,166.9103240966797
-78.13249969482422,161.87693786621094
-83.23536682128906,-162.67127990722656
-93.28759002685547,171.03187561035156
-66.57362365722656,164.37501525878906
-92.04547882080078,173.13072204589844
-71.84513092041016,-175.33413696289062
-73.55692291259766,114.9919662475586
-77.33401489257812,164.94564819335938
-61.18536376953125,-177.5146026611328
-71.98319244384766,148.75613403320312
-68.64827728271484,166.76351928710938
-50.28738021850586,147.86732482910156
-72.09103393554688,-170.95449829101562
-48.73775100708008,154.555419921875
-86.2103042602539,176.0296173095703
-77.46670532226562,133.58238220214844
-58.8292236328125,157.92791748046875
-68.42424774169922,157.6097412109375
-80.35064697265625,160.13021850585938
-81.86878967285156,168.87954711914062
-97.78923797607422,160.02980041503906
-67.72254943847656,163.43951416015625
-72.29629516601562,139.8260498046875
-103.34449005126953,-179.60887145996094
-69.23622131347656,174.99557495117188
-62.367977142333984,174.34152221679688
-83.84664916992188,179.4745635986328
-68.848388671875,134.749755859375
-55.0142936706543,170.48513793945312
-82.94449615478516,-176.38836669921875
-75.22676849365234,110.03579711914062
-74.2056884765625,165.60877990722656
-80.1162338256836,146.8936309814453
-75.10028839111328,177.366943359375
-66.10485076904297,168.72540283203125
-87.87262725830078,169.19573974609375
-85.64142608642578,178.07342529296875
-60.22911834716797,149.7565155029297
-63.896690368652344,151.91629028320312
-61.31619644165039,154.38946533203125
-58.56736755371094,163.58633422851562
-64.83755493164062,153.2383270263672
-67.87052154541016,156.0293731689453
-69.51663208007812,152.1135711669922
-63.07896041870117,150.3195037841797
-66.1624984741211,176.73963928222656
-78.84058380126953,172.36502075195312
-68.93897247314453,-179.79647827148438
-46.424259185791016,138.32528686523438
-61.13115310668945,160.25096130371094
-84.20304107666016,167.92001342773438
-81.2772216796875,179.9377899169922
-92.87789916992188,146.90689086914062
-84.5027084350586,159.39588928222656
-48.97686767578125,167.58522033691406
-64.9036865234375,-178.38380432128906
-86.97343444824219,141.26559448242188
-66.2945785522461,161.53529357910156
-73.72059631347656,159.49449157714844
-63.543704986572266,-177.77841186523438
-75.13284301757812,178.1671142578125
-67.81958770751953,174.37257385253906
-71.8251724243164,163.67022705078125
-72.18821716308594,-177.35787963867188
-86.11726379394531,158.95448303222656
-53.45359420776367,163.51095581054688
-71.67921447753906,131.54452514648438
-70.3165283203125,139.6639404296875
-94.58589935302734,151.73313903808594
-69.16079711914062,157.53857421875
-70.90965270996094,162.9856414794922
-91.11070251464844,150.08053588867188
-88.55069732666016,164.3116455078125
-65.02864837646484,-166.710693359375
-65.4227294921875,163.7042999267578
-86.6636734008789,162.95260620117188
-66.69644927978516,-173.2164764404297
-76.52033996582031,150.96096801757812
-81.52912139892578,158.1611785888672
-77.80492401123047,161.41664123535156
-101.41807556152344,150.5841522216797
-60.5095100402832,167.31808471679688
-66.77225494384766,153.59898376464844
-65.691162109375,144.28436279296875
-85.75878143310547,160.48117065429688
-66.1613540649414,137.2108612060547
-96.2264404296875,151.915283203125
-67.108154296875,165.6740264892578
-93.61711120605469,-176.8321533203125
-93.43705749511719,154.36343383789062
-69.89794921875,156.13345336914062
-87.55596160888672,145.76480102539062
-53.79726791381836,151.01644897460938
-63.879852294921875,163.96644592285156
-50.37983322143555,135.04164123535156
-95.47478485107422,163.31808471679688
-64.94327545166016,131.04774475097656
-94.63800811767578,148.92713928222656
-72.23157501220703,174.7407684326172
-71.02010345458984,165.64822387695312
-66.74710845947266,154.747314453125
-84.7862319946289,140.17538452148438
-68.23505401611328,178.30686950683594
-68.61275482177734,132.2745819091797
-86.20304107666016,162.83668518066406
-73.80422973632812,149.3290252685547
-55.83435821533203,152.94044494628906
-83.14852905273438,148.66082763671875
-63.693458557128906,151.2974395751953
-87.40177154541016,156.25616455078125
-80.34724426269531,150.97271728515625
-76.71722412109375,138.68023681640625
-50.127044677734375,164.8094024658203
-72.27011108398438,164.60885620117188
-96.5680923461914,174.2952880859375
-67.20732879638672,159.5406494140625
-84.42779541015625,-165.2749786376953
-84.55294799804688,125.74687957763672
-54.79682922363281,178.77427673339844
-62.27467727661133,166.54434204101562
-82.2374496459961,166.92979431152344
-73.7720718383789,169.09124755859375
-100.7067642211914,-169.23118591308594
-67.40728759765625,169.37789916992188
-79.52830505371094,-179.73977661132812
-73.45231628417969,165.45962524414062
-88.73204803466797,163.9641876220703
-68.32344055175781,159.88253784179688
-59.40621566772461,-48.06284713745117
-87.009765625,6.121937274932861
-82.6230239868164,-21.057865142822266
-75.08833312988281,159.79478454589844
-67.25141143798828,154.96151733398438
-97.48709106445312,147.00938415527344
-96.8071517944336,-175.2871856689453
-77.08690643310547,163.85707092285156
-75.68450164794922,165.6171875
-67.87310028076172,170.6275177001953
-75.0574951171875,162.5612335205078
-80.12232971191406,166.046630859375
-69.04904174804688,170.49789428710938
-97.40878295898438,-152.4373779296875
-72.02346801757812,175.4630126953125
-70.65416717529297,-178.64804077148438
-55.93091583251953,168.03567504882812
-88.82449340820312,161.00718688964844
-69.3437271118164,171.25453186035156
-80.2544174194336,156.10992431640625
-88.07875061035156,178.7562255859375
-80.21350860595703,159.32821655273438
-63.034889221191406,161.64385986328125
-64.61681365966797,160.10400390625
-77.67666625976562,159.51312255859375
-80.95851135253906,175.39173889160156
-93.22378540039062,163.86856079101562
-86.62368774414062,-174.09658813476562
-62.881954193115234,164.85113525390625
-66.0678482055664,-174.41091918945312
-91.56324005126953,152.52745056152344
-57.59390640258789,142.38636779785156
-60.771053314208984,136.09671020507812
-75.20709228515625,174.63636779785156
-83.20735168457031,160.93569946289062
-64.39750671386719,149.1130828857422
-75.4873046875,174.29135131835938
-64.95516204833984,163.26840209960938
-61.36045455932617,171.00439453125
-72.49440002441406,177.9225311279297
-69.3546371459961,158.23475646972656
-81.16471099853516,157.15098571777344
-62.20060348510742,148.1660919189453
-84.83502960205078,161.8559112548828
-86.0707778930664,137.95594787597656
-83.0652084350586,158.56378173828125
-81.29592895507812,159.79640197753906
-75.45201873779297,149.9115447998047
-64.77290344238281,167.4217529296875
-77.20220184326172,178.21176147460938
-77.82682037353516,167.04347229003906
-87.87391662597656,163.5948028564453
-67.15103912353516,-171.71163940429688
-84.100830078125,167.3542938232422
-93.31122589111328,171.5679931640625
-72.63034057617188,162.17822265625
-76.18965911865234,177.31637573242188
-71.18990325927734,150.6407928466797
-64.75200653076172,150.89328002929688
-77.5417709350586,158.62681579589844
-94.34609985351562,156.36178588867188
-77.27297973632812,-167.85537719726562
-55.635475158691406,157.68966674804688
-98.02140045166016,-171.15428161621094
-80.49089050292969,173.80577087402344
-62.153961181640625,152.6102752685547
-65.71540069580078,158.44215393066406
-73.49727630615234,146.52932739257812
-68.3167724609375,161.4153594970703
-73.26229095458984,-178.0954132080078
-75.90792846679688,145.62918090820312
-78.40107727050781,157.24330139160156
-79.5498046875,167.09817504882812
-70.17668151855469,169.39414978027344
-82.75194549560547,169.61868286132812
-87.67414093017578,149.26174926757812
-67.89849853515625,159.17190551757812
-85.66433715820312,-176.4774627685547
-48.41187286376953,151.65676879882812
-64.38717651367188,162.3255157470703
-76.38788604736328,174.65310668945312
-65.63040161132812,141.94692993164062
-58.096805572509766,161.5696258544922
-81.97992706298828,156.548828125
-47.46315383911133,145.31607055664062
-64.1822280883789,161.17196655273438
-46.78129959106445,165.607421875
-68.32192993164062,155.8513946533203
-91.20512390136719,172.66343688964844
-88.82965087890625,152.71536254882812
-70.40059661865234,174.5918426513672
-57.75412368774414,145.44410705566406
-76.54634094238281,158.71597290039062
-36.71614456176758,142.4069061279297
-50.062538146972656,159.79083251953125
-77.64134216308594,164.7565460205078
-53.91228485107422,159.76968383789062
-53.837890625,178.50050354003906
-62.818058013916016,161.97422790527344
-43.35961151123047,138.0317840576172
-73.41069793701172,-157.6793670654297
-61.963890075683594,163.24400329589844
-69.54727935791016,140.6531524658203
-85.16431427001953,162.36936950683594
-54.373146057128906,179.8802032470703
-80.23381042480469,158.4506378173828
-79.83785247802734,170.85504150390625
-90.1063232421875,170.76695251464844
-61.754940032958984,142.22264099121094
-82.5673828125,146.52085876464844
-66.6553955078125,-177.8052978515625
-79.96163177490234,171.10572814941406
-59.80356979370117,160.8162841796875
-76.16136932373047,175.7685089111328
-82.09102630615234,146.9029083251953
-77.21543884277344,174.5926055908203
-96.71189880371094,161.03684997558594
-83.50569152832031,177.9134979248047
-67.11808776855469,147.00025939941406
-64.14154815673828,156.585205078125
-83.2656478881836,169.99630737304688
-74.34423828125,-175.0776824951172
-49.29669189453125,142.8394012451172
-63.932395935058594,154.44129943847656
-45.565879821777344,163.67514038085938
-70.57888793945312,162.0375518798828
-83.45203399658203,-173.26031494140625
-57.756492614746094,130.5582275390625
-64.8293228149414,175.36712646484375
-65.3415756225586,165.06773376464844
-56.37303924560547,143.7882537841797
-79.36338806152344,164.15794372558594
-76.78873443603516,175.04800415039062
-71.56602478027344,162.02981567382812
-58.24186706542969,145.05905151367188
-81.73017120361328,175.6373291015625
-86.73538970947266,169.28953552246094
-65.4346694946289,-178.76173400878906
-63.354148864746094,165.34010314941406
-64.74598693847656,156.6210174560547
-58.76454544067383,-164.35455322265625
-74.79366302490234,164.18893432617188
-77.91897583007812,159.9167022705078
-78.89869689941406,175.63902282714844
-66.4200439453125,144.75210571289062
-62.85477066040039,174.08993530273438
-70.36618041992188,152.43357849121094
-74.13417053222656,173.07106018066406
-59.82017135620117,166.2254180908203
-69.38773345947266,-178.42494201660156
-91.32791137695312,177.226318359375
-75.91415405273438,158.7059326171875
-97.03157806396484,173.45126342773438
-68.15774536132812,158.78892517089844
-64.49126434326172,172.60256958007812
-55.12107849121094,127.24439239501953
-71.39168548583984,152.7840118408203
-83.1916275024414,-179.58448791503906
-52.89558792114258,173.07691955566406
-75.1798095703125,162.47705078125
-71.64595031738281,147.84176635742188
-63.92829132080078,156.703369140625
-78.57659149169922,157.36497497558594
-52.836761474609375,160.2508544921875
-76.32508850097656,159.98165893554688
-65.0461654663086,151.15484619140625
-71.9996109008789,177.35733032226562
-78.93370819091797,157.37908935546875
-66.77507781982422,152.68922424316406
-85.12173461914062,-176.87042236328125
-64.73632049560547,133.99624633789062
-58.370487213134766,149.66465759277344
-78.26708984375,139.90646362304688
-72.41110229492188,155.3335418701172
-58.49523162841797,148.5943145751953
-89.59688568115234,178.65000915527344
-80.39964294433594,169.18629455566406
-60.819950103759766,150.2448272705078
-56.87020492553711,152.35533142089844
-70.1234359741211,159.31153869628906
-68.53691101074219,-169.0326385498047
-85.77468872070312,164.0048065185547
-58.512054443359375,151.00872802734375
-81.18109893798828,160.99453735351562
-62.20336151123047,144.98410034179688
-78.44529724121094,160.18450927734375
-76.86782836914062,173.35472106933594
-78.86264038085938,149.523681640625
-60.1086540222168,164.06199645996094
-89.20967102050781,144.38446044921875
-79.05192565917969,161.8356170654297
-76.31602478027344,133.2388153076172
-69.28160095214844,169.51548767089844
-78.40524291992188,165.52806091308594
-63.61116027832031,177.1991729736328
-79.22342681884766,179.65806579589844
-78.32058715820312,157.5992431640625
-86.27009582519531,167.1028594970703
-68.93695831298828,170.97711181640625
-69.08787536621094,161.3295440673828
-72.73631286621094,-179.3529052734375
-76.5431137084961,144.34521484375
-76.72019958496094,161.62222290039062
-75.96269226074219,164.832275390625
-60.263301849365234,-174.51687622070312
-77.70197296142578,156.0626983642578
-76.22686767578125,121.24344635009766
-69.76763153076172,164.77468872070312
-55.169071197509766,161.5919189453125
-76.40868377685547,169.72885131835938
-58.78782272338867,167.6087646484375
-67.49119567871094,141.03038024902344
-70.50198364257812,154.46180725097656
-83.29181671142578,164.33018493652344
-57.324676513671875,173.80226135253906
-63.272647857666016,150.5519561767578
-77.04278564453125,149.0516815185547
-81.89191436767578,159.3166046142578
-75.27356719970703,151.679443359375
-78.41639709472656,144.55230712890625
-75.17373657226562,171.14048767089844
-74.9010238647461,172.19619750976562
-68.89582061767578,144.73516845703125
-72.31380462646484,168.2147216796875
-71.40209197998047,164.1029052734375
-83.95387268066406,178.7501220703125
-78.50983428955078,137.47662353515625
-55.979835510253906,170.43162536621094
-71.7681884765625,170.98983764648438
-55.208404541015625,164.46505737304688
-81.9454116821289,151.2128143310547
-95.30074310302734,150.21034240722656
-82.36784362792969,147.099365234375
-70.53096771240234,178.96531677246094
-68.64073944091797,178.54678344726562
-33.17578125,157.97674560546875
-60.44742965698242,156.26657104492188
-83.35789489746094,113.20333099365234
-87.71739959716797,-176.38462829589844
-63.803619384765625,169.606201171875
-62.307952880859375,-176.15353393554688
-73.98696899414062,152.5745391845703
-57.672489166259766,141.79840087890625
-69.22762298583984,171.4253387451172
-95.56976318359375,172.3391876220703
-65.94133758544922,170.5361328125
-71.15354919433594,158.39044189453125
-79.42424774169922,165.0284423828125
-64.10187530517578,153.46832275390625
-74.72984313964844,-172.745361328125
-55.548152923583984,168.86285400390625
-74.93048095703125,127.66983795166016
-79.3796615600586,-175.107177734375
-70.09761810302734,166.43368530273438
-78.83055114746094,-178.8111572265625
-77.2253646850586,154.68321228027344
-72.62084197998047,-176.0130157470703
-77.66259765625,173.84170532226562
-62.27410888671875,153.01931762695312
-64.91889190673828,167.86143493652344
-70.96029663085938,168.44203186035156
-53.660072326660156,149.144287109375
-77.94953918457031,171.02072143554688
-77.32469940185547,-179.14691162109375
-87.20325469970703,146.9395294189453
-52.149879455566406,148.94735717773438
-72.14476013183594,149.8468475341797
-58.20075607299805,169.30711364746094
-74.31558990478516,136.01333618164062
-70.46451568603516,158.12721252441406
-73.03153991699219,178.98904418945312
-51.750709533691406,163.52455139160156
-72.27588653564453,152.63623046875
-66.86225891113281,151.70452880859375
-75.55363464355469,173.98316955566406
-76.52487182617188,170.69544982910156
-78.32135772705078,145.29751586914062
-76.4684066772461,171.08119201660156
-76.86638641357422,177.7665557861328
-81.46255493164062,-173.296142578125
-73.65374755859375,176.79010009765625
-73.01760864257812,160.76329040527344
-77.2193603515625,148.8135528564453
-84.88593292236328,-174.33863830566406
-82.79114532470703,-170.31019592285156
-73.83763885498047,-177.26519775390625
-66.76634216308594,157.4014434814453
-69.06570434570312,-172.37191772460938
-75.95939636230469,164.47019958496094
-72.87095642089844,165.8050537109375
-64.27540588378906,152.2334747314453
-81.1927490234375,164.55813598632812
-68.94802856445312,147.5863037109375
-59.57072067260742,155.83837890625
-36.96715545654297,168.2296142578125
-80.53058624267578,151.4503936767578
-92.65740966796875,157.6620330810547
-62.1990852355957,147.9421844482422
-61.96336364746094,157.09605407714844
-59.19816970825195,179.1192626953125
-76.36592864990234,127.57609558105469
-76.26681518554688,127.37673950195312
-81.57643127441406,161.76271057128906
-78.97492980957031,170.28021240234375
-83.37163543701172,137.53912353515625
-83.85167694091797,159.4940643310547
-67.60832214355469,141.24761962890625
-76.9476089477539,-164.18838500976562
-58.00799560546875,139.70709228515625
-72.53428649902344,132.6895294189453
-87.38084411621094,145.09182739257812
-68.08184051513672,153.32272338867188
-69.9185791015625,174.67796325683594
-68.83712768554688,179.06640625
-72.1515884399414,143.00376892089844
-81.16683197021484,160.3813018798828
-76.8231201171875,116.66665649414062
-83.49066925048828,164.32742309570312
-59.410709381103516,168.29978942871094
-73.6163101196289,171.55340576171875
-63.15485763549805,178.67596435546875
-64.25991821289062,138.06393432617188
-66.18793487548828,157.68603515625
-77.32554626464844,-171.63510131835938
-68.17987823486328,163.32069396972656
-70.24093627929688,165.4080047607422
-70.5921630859375,151.2981414794922
-64.89176940917969,170.0559844970703
-34.280338287353516,139.9995574951172
-79.14735412597656,127.25755310058594
-63.78579330444336,156.19967651367188
-97.2260971069336,168.7993621826172
-61.663936614990234,145.27658081054688
-58.18629455566406,165.87606811523438
-80.41514587402344,146.29837036132812
-72.59696197509766,146.2327880859375
-86.7468490600586,165.1818084716797
-52.9503173828125,158.66156005859375
-68.50888061523438,145.77378845214844
-95.92286682128906,167.76394653320312
-59.48834991455078,174.10171508789062
-81.41177368164062,170.99974060058594
-45.187957763671875,140.59048461914062
-87.8061752319336,171.78024291992188
-47.86941909790039,158.31735229492188
-57.86110305786133,178.19395446777344
-82.96920776367188,156.9175262451172
-81.98909759521484,-167.8979034423828
-78.29895782470703,164.8343048095703
-65.88871765136719,172.6230926513672
-96.37054443359375,162.3363494873047
-63.49057388305664,-177.33450317382812
-83.34815216064453,149.74069213867188
-67.37439727783203,167.8398895263672
-78.32058715820312,147.9786834716797
-71.96350860595703,138.61082458496094
-69.4312515258789,163.3574981689453
-64.9564208984375,165.8446807861328
-50.90213394165039,173.78187561035156
-60.03877258300781,152.12991333007812
-70.59695434570312,160.5287322998047
-52.13105773925781,165.10943603515625
-72.97969818115234,154.46697998046875
-59.72294616699219,146.64089965820312
-58.91053009033203,172.30584716796875
-64.55304718017578,143.62086486816406
-69.6483154296875,132.8524627685547
-64.95105743408203,163.31199645996094
-48.81466293334961,129.47048950195312
-69.5522232055664,164.1065216064453
-74.37691497802734,166.2992706298828
-58.44377517700195,156.3808135986328
-59.69736099243164,161.7392578125
-75.3565444946289,161.86676025390625
-60.160400390625,150.01666259765625
-54.5893669128418,-179.73880004882812
-80.92984008789062,159.06163024902344
-83.41239929199219,177.00962829589844
-47.960716247558594,138.11912536621094
-89.5163803100586,161.10720825195312
-80.82688903808594,154.160888671875
-81.83873748779297,162.05174255371094
-70.88887786865234,157.68064880371094
-77.10096740722656,168.62681579589844
-59.375022888183594,164.16357421875
-36.60572814941406,162.47706604003906
-48.24079895019531,162.29278564453125
-73.06602478027344,173.57400512695312
-75.89874267578125,143.48141479492188
-74.40069580078125,137.65721130371094
-79.50385284423828,167.74794006347656
-75.17504119873047,151.6807861328125
-64.51000213623047,159.6146697998047
-72.5594482421875,138.0789031982422
-90.60363006591797,179.307861328125
-59.189762115478516,171.3241424560547
-68.38797760009766,171.2886505126953
-62.06007766723633,169.63516235351562
-83.92115783691406,153.76292419433594
-62.02191925048828,145.666748046875
-73.25515747070312,159.17758178710938
-67.20028686523438,165.35772705078125
-70.20537567138672,168.2798614501953
-67.29156494140625,145.9281005859375
-90.28253173828125,149.7679901123047
-67.66873168945312,151.36058044433594
-60.636810302734375,154.82839965820312
-84.99144744873047,170.0555419921875
-55.042999267578125,150.61807250976562
-72.41522216796875,143.3749237060547
-71.60334014892578,171.91342163085938
-80.64462280273438,-179.56759643554688
-53.72776412963867,137.2605743408203
-78.16605377197266,178.4158935546875
-75.60224914550781,-179.3057098388672
-95.12445068359375,160.43301391601562
-91.30183410644531,160.18922424316406
-53.70050048828125,166.7066650390625
-64.26615142822266,179.4442138671875
-74.29362487792969,134.61012268066406
-60.4900016784668,121.44905090332031
-62.20530319213867,151.0785369873047
-80.76583099365234,160.05120849609375
-79.4666748046875,178.74069213867188
-60.82695007324219,149.4914093017578
-63.6378059387207,172.60037231445312
-77.21121215820312,169.96058654785156
-55.55127716064453,152.7815399169922
-82.37881469726562,168.25978088378906
-80.03804016113281,-175.13037109375
-77.64904022216797,174.38931274414062
-52.992584228515625,158.81210327148438
-57.47228240966797,163.9002227783203
-89.83360290527344,-170.27322387695312
-87.03820037841797,155.1197967529297
-84.2479248046875,175.96795654296875
-83.85094451904297,170.4228515625
-47.67188262939453,157.6475830078125
-71.51756286621094,156.0824432373047
-83.62090301513672,-170.6259307861328
-73.50824737548828,172.09829711914062
-57.446346282958984,154.98684692382812
-76.80838012695312,173.7149200439453
-64.94425201416016,160.28933715820312
-76.20015716552734,168.43980407714844
-79.79664611816406,161.35548400878906
-95.17627716064453,168.2776641845703
-45.4169921875,168.25930786132812
-70.65416717529297,169.3230743408203
-72.29329681396484,153.94601440429688
-76.99544525146484,-177.9962921142578
-86.51702117919922,158.9939727783203
-83.59164428710938,114.9065170288086
-80.02733612060547,161.0542449951172
-64.72080993652344,-172.19479370117188
-60.92093276977539,148.5521697998047
-68.52980041503906,160.0692901611328
-51.29926300048828,147.44046020507812
-83.07012176513672,-170.32949829101562
-55.30271530151367,172.23245239257812
-82.27223205566406,172.09762573242188
-47.09980773925781,154.4833984375
-65.90019226074219,153.5946044921875
-80.35604858398438,120.04045867919922
-80.78227996826172,168.64723205566406
-56.193851470947266,146.8399658203125
-82.304443359375,164.88818359375
-69.29774475097656,169.78977966308594
-64.99928283691406,129.9833984375
-90.13941192626953,169.29592895507812
-48.5498161315918,159.10549926757812
-78.93122863769531,-179.11964416503906
-74.75403594970703,155.8442840576172
-39.660179138183594,175.0146026611328
-60.862918853759766,152.52357482910156
-64.08822631835938,172.96774291992188
-67.27361297607422,152.90577697753906
-88.45816802978516,164.86697387695312
-69.60440063476562,169.97171020507812
-75.90998840332031,-174.59332275390625
-51.499061584472656,140.5004425048828
-82.42430114746094,-154.48756408691406
-95.33272552490234,169.1944122314453
-63.49336624145508,147.5567169189453
-49.91334915161133,172.70606994628906
-82.67757415771484,158.49246215820312
-78.10083770751953,-179.431396484375
-87.7302474975586,163.02548217773438
-82.7475357055664,159.43907165527344
-50.735965728759766,177.68870544433594
-75.54059600830078,167.32972717285156
-88.8695297241211,162.44525146484375
-77.37126159667969,-172.2679901123047
-77.13994598388672,-175.36422729492188
-57.419593811035156,161.14170837402344
-81.6425552368164,-175.00279235839844
-75.66730499267578,153.63772583007812
-77.62586212158203,171.85597229003906
-81.38024139404297,179.37716674804688
-91.57574462890625,154.12962341308594
-50.36881637573242,169.47833251953125
-89.32183837890625,150.74977111816406
-57.21044158935547,162.1036376953125
-74.01244354248047,148.9559326171875
-63.541568756103516,153.40301513671875
-60.645103454589844,133.630615234375
-63.55613708496094,132.05166625976562
-70.38703918457031,136.86659240722656
-54.875152587890625,150.33935546875
-75.3857192993164,154.8203887939453
-47.459083557128906,153.76873779296875
-69.6944580078125,150.1432647705078
-60.54261779785156,154.71505737304688
-72.02163696289062,161.73291015625
-68.08335876464844,166.26885986328125
-84.90704345703125,160.43234252929688
-72.93390655517578,164.58677673339844
-82.5725326538086,158.7019805908203
-66.62096405029297,168.93031311035156
-79.37140655517578,-172.38783264160156
-53.268436431884766,171.00241088867188
-66.82356262207031,157.6087188720703
-88.85032653808594,-166.97781372070312
-82.93310546875,159.33335876464844
-79.35057067871094,144.89016723632812
-69.88191986083984,171.5617218017578
-56.77040481567383,157.25408935546875
-76.60031127929688,152.3638153076172
-54.26763916015625,157.2475128173828
-67.22925567626953,148.00489807128906
-79.3436279296875,159.37646484375
-62.76060485839844,153.84085083007812
-88.6550521850586,154.53794860839844
-69.40865325927734,167.83627319335938
