POISSON BOLTZMANN:
Complex Energy Terms
Frame #,VDWAALS,EEL,EPB,ENPOLAR,EDISPER,G gas,G solv,TOTAL
0,-2176.7385,-17912.5725,0.0,2170.7148,-1249.5719,-20089.310999999998,921.1429000000003,-19168.168099999995
1,-2170.4156,-17813.1498,0.0,2189.4163,-1271.0836,-19983.5654,918.3326999999999,-19065.2327
2,-2139.4834,-17755.4135,0.0,2203.5488,-1297.9057,-19894.8969,905.6431,-18989.2538
3,-2166.5186,-17823.5017,0.0,2188.0744,-1285.1307,-19990.0203,902.9437,-19087.0766
4,-2136.0759,-17758.6305,0.0,2187.0727,-1264.5978,-19894.7064,922.4749000000002,-18972.231499999998
5,-2140.6937,-17636.5505,0.0,2184.0865,-1259.5215,-19777.2442,924.5649999999998,-18852.6792
6,-2175.6116,-17873.0358,0.0,2183.9164,-1258.8183,-20048.6474,925.0981000000002,-19123.5493
7,-2136.8076,-17943.8404,0.0,2183.3778,-1270.9717,-20080.648,912.4061000000002,-19168.2419
8,-2190.3169,-17817.3857,0.0,2185.9246,-1257.9445,-20007.702599999997,927.9800999999998,-19079.7225
9,-2143.4907,-17782.3511,0.0,2181.8232,-1267.6981,-19925.8418,914.1250999999997,-19011.7167
10,-2190.3526,-17941.3711,0.0,2172.6757,-1247.4281,-20131.723700000002,925.2475999999997,-19206.476100000003
11,-2164.2226,-17983.2156,0.0,2175.7091,-1264.464,-20147.4382,911.2451000000001,-19236.1931
12,-2161.9906,-17743.6772,0.0,2180.2357,-1259.7832,-19905.6678,920.4525000000001,-18985.2153
13,-2153.3425,-17779.2463,0.0,2178.7142,-1254.2082,-19932.588799999998,924.5059999999999,-19008.0828
14,-2136.97,-17848.5258,0.0,2180.4719,-1271.5312,-19985.4958,908.9407000000001,-19076.5551
15,-2125.0592,-17930.3776,0.0,2188.339,-1276.8347,-20055.4368,911.5042999999998,-19143.9325
16,-2192.7697,-17853.0201,0.0,2174.4145,-1254.5726,-20045.789800000002,919.8418999999999,-19125.947900000003
17,-2116.8584,-17859.3663,0.0,2182.7068,-1266.3624,-19976.224700000002,916.3444,-19059.880300000004
18,-2143.0963,-17848.1881,0.0,2182.9572,-1267.339,-19991.2844,915.6181999999999,-19075.6662
19,-2118.0773,-17835.5803,0.0,2194.3823,-1274.7506,-19953.657600000002,919.6317000000001,-19034.0259
20,-2095.8449,-17945.8717,0.0,2203.4921,-1292.3301,-20041.7166,911.162,-19130.5546
21,-2135.8365,-17826.9997,0.0,2210.9623,-1291.7744,-19962.8362,919.1879000000001,-19043.6483
22,-2189.9982,-17794.5702,0.0,2184.8378,-1254.9357,-19984.568399999996,929.9020999999998,-19054.666299999997
23,-2170.4488,-17876.4647,0.0,2188.3154,-1271.261,-20046.913500000002,917.0544,-19129.8591
24,-2134.4959,-17941.3863,0.0,2191.7741,-1282.1902,-20075.8822,909.5839000000001,-19166.298300000002
25,-2128.3622,-17911.5986,0.0,2201.517,-1281.9061,-20039.9608,919.6108999999999,-19120.3499
26,-2117.2917,-17839.9693,0.0,2219.198,-1307.1946,-19957.261000000002,912.0033999999998,-19045.2576
27,-2121.8233,-17889.8963,0.0,2188.4808,-1282.9304,-20011.7196,905.5503999999999,-19106.1692
28,-2147.9252,-17941.3367,0.0,2197.4677,-1293.2506,-20089.2619,904.2171000000001,-19185.0448
29,-2160.6315,-18097.0601,0.0,2191.33,-1286.5601,-20257.6916,904.7699,-19352.921699999995
30,-2152.3745,-18066.0609,0.0,2186.123,-1277.3898,-20218.435400000002,908.7332000000001,-19309.702200000003
31,-2157.2123,-17924.4529,0.0,2186.7987,-1270.7617,-20081.6652,916.0369999999998,-19165.6282
32,-2169.0179,-18035.447,0.0,2173.2379,-1268.0111,-20204.4649,905.2268000000001,-19299.2381
33,-2175.4172,-17876.7963,0.0,2162.0161,-1249.8426,-20052.2135,912.1734999999999,-19140.04
34,-2168.198,-17947.7595,0.0,2174.3247,-1254.8785,-20115.9575,919.4462000000001,-19196.5113
35,-2154.5592,-17956.4366,0.0,2186.8507,-1269.6753,-20110.9958,917.1753999999999,-19193.8204
36,-2164.062,-17829.2212,0.0,2183.6944,-1268.6179,-19993.283199999998,915.0764999999999,-19078.2067
37,-2161.2367,-17689.4477,0.0,2195.1194,-1271.6689,-19850.684400000002,923.4505000000001,-18927.233900000003
38,-2163.4328,-17853.3832,0.0,2181.3555,-1258.0488,-20016.816,923.3067000000001,-19093.509299999998
39,-2170.8205,-17886.6831,0.0,2177.6747,-1264.093,-20057.503599999996,913.5817,-19143.921899999998

Receptor Energy Terms
Frame #,VDWAALS,EEL,EPB,ENPOLAR,EDISPER,G gas,G solv,TOTAL
0,-2128.1436,-18321.1858,0.0,2162.394,-1261.4232,-20449.3294,900.9707999999998,-19548.3586
1,-2122.5152,-18224.4598,0.0,2179.3379,-1281.9229,-20346.975,897.415,-19449.56
2,-2098.3848,-18170.4512,0.0,2191.9206,-1306.2252,-20268.836,885.6953999999998,-19383.1406
3,-2125.1112,-18253.8837,0.0,2179.6687,-1296.7031,-20378.994899999998,882.9656000000002,-19496.029299999995
4,-2086.7471,-18152.4208,0.0,2179.0355,-1278.1229,-20239.1679,900.9125999999999,-19338.2553
5,-2100.6729,-18041.7425,0.0,2174.5137,-1269.7918,-20142.4154,904.7219,-19237.6935
6,-2125.856,-18276.936,0.0,2174.3341,-1270.0553,-20402.792,904.2788,-19498.5132
7,-2094.6125,-18338.0681,0.0,2174.2491,-1282.7058,-20432.6806,891.5433,-19541.1373
8,-2145.4785,-18201.9005,0.0,2178.1708,-1271.4636,-20347.379,906.7071999999998,-19440.6718
9,-2096.9185,-18165.0814,0.0,2173.0017,-1281.0093,-20261.9999,891.9923999999999,-19370.0075
10,-2149.8848,-18325.1183,0.0,2164.1565,-1259.0677,-20475.003099999998,905.0888,-19569.914299999997
11,-2112.2436,-18396.8036,0.0,2168.6736,-1276.5499,-20509.0472,892.1237000000001,-19616.923499999997
12,-2115.335,-18199.031,0.0,2172.1039,-1272.3199,-20314.365999999998,899.7840000000001,-19414.582
13,-2103.3552,-18175.8923,0.0,2170.6723,-1266.2792,-20279.247499999998,904.3931000000002,-19374.8544
14,-2088.9997,-18277.509,0.0,2170.7006,-1282.0731,-20366.5087,888.6275,-19477.8812
15,-2081.9609,-18322.8629,0.0,2179.8435,-1288.426,-20404.8238,891.4175,-19513.4063
16,-2143.1338,-18240.3906,0.0,2164.3833,-1265.3067,-20383.5244,899.0765999999999,-19484.447799999998
17,-2072.316,-18224.0961,0.0,2174.8822,-1277.2786,-20296.412099999998,897.6035999999999,-19398.8085
18,-2096.5514,-18217.1584,0.0,2173.0773,-1277.8842,-20313.7098,895.1931,-19418.5167
19,-2078.4235,-18252.7239,0.0,2185.8537,-1284.6026,-20331.1474,901.2511000000002,-19429.8963
20,-2048.1633,-18279.9384,0.0,2195.6202,-1303.6016,-20328.1017,892.0185999999999,-19436.083099999996
21,-2090.2752,-18189.2612,0.0,2202.4999,-1303.1993,-20279.5364,899.3005999999998,-19380.235800000002
22,-2143.3494,-18213.2792,0.0,2176.2808,-1265.216,-20356.6286,911.0648000000001,-19445.5638
23,-2121.8658,-18327.6228,0.0,2179.8671,-1281.0225,-20449.4886,898.8445999999999,-19550.644
24,-2099.8047,-18288.8742,0.0,2182.2674,-1292.036,-20388.6789,890.2314000000001,-19498.4475
25,-2083.411,-18341.6419,0.0,2190.6165,-1291.4262,-20425.0529,899.1903,-19525.8626
26,-2076.5506,-18273.4771,0.0,2209.3228,-1315.7485,-20350.0277,893.5743,-19456.4534
27,-2079.1455,-18313.0701,0.0,2177.3109,-1291.3621,-20392.2156,885.9487999999999,-19506.266799999998
28,-2106.321,-18325.4374,0.0,2186.7987,-1300.1343,-20431.7584,886.6643999999999,-19545.094
29,-2119.5471,-18470.4734,0.0,2182.3477,-1296.6108,-20590.0205,885.7368999999999,-19704.2836
30,-2106.5353,-18446.1791,0.0,2177.0321,-1287.2238,-20552.7144,889.8082999999999,-19662.9061
31,-2112.357,-18299.7037,0.0,2179.697,-1282.4433,-20412.060699999998,897.2537000000002,-19514.806999999997
32,-2125.5513,-18447.2987,0.0,2164.2226,-1278.4499,-20572.85,885.7727,-19687.077299999997
33,-2126.8786,-18256.9382,0.0,2152.8495,-1262.1954,-20383.8168,890.6540999999997,-19493.1627
34,-2128.4586,-18372.8523,0.0,2165.3519,-1267.0187,-20501.310899999997,898.3332,-19602.977699999996
35,-2110.0858,-18454.5082,0.0,2175.5626,-1280.7123,-20564.594,894.8503000000003,-19669.7437
36,-2119.6903,-18307.2495,0.0,2173.7341,-1280.3233,-20426.9398,893.4108000000001,-19533.529
37,-2115.9208,-18090.0008,0.0,2185.0835,-1282.3311,-20205.9216,902.7524000000001,-19303.1692
38,-2123.8459,-18239.5436,0.0,2170.3462,-1266.8167,-20363.3895,903.5294999999999,-19459.86
39,-2122.0019,-18382.1369,0.0,2165.8291,-1273.4561,-20504.1388,892.3729999999998,-19611.7658

Ligand Energy Terms
Frame #,VDWAALS,EEL,EPB,ENPOLAR,EDISPER,G gas,G solv,TOTAL
0,-8.8037,959.9702,0.0,40.3871,-48.0915,951.1664999999999,-7.704400000000007,943.4621
1,-9.8692,959.0245,0.0,40.7462,-47.6336,949.1553,-6.8873999999999995,942.2679
2,-7.82,962.1736,0.0,40.7982,-48.0094,954.3535999999999,-7.211199999999998,947.1423999999998
3,-8.8146,978.9467,0.0,41.3463,-48.0894,970.1320999999999,-6.743099999999998,963.389
4,-8.4502,962.9706,0.0,40.6611,-47.6247,954.5204,-6.9636,947.5568000000001
5,-9.4305,953.8404,0.0,40.6186,-47.8117,944.4099,-7.193100000000001,937.2168
6,-9.5525,948.8101,0.0,40.6611,-48.0149,939.2576,-7.3538,931.9038
7,-8.841,947.1442,0.0,41.0628,-47.8817,938.3032,-6.818899999999999,931.4843
8,-10.1541,960.1078,0.0,40.9777,-48.3815,949.9537,-7.403800000000004,942.5499000000001
9,-8.6579,967.3661,0.0,40.8738,-48.0316,958.7081999999999,-7.157799999999995,951.5503999999999
10,-8.993,954.9294,0.0,40.7651,-47.8982,945.9363999999999,-7.133100000000006,938.8032999999999
11,-10.092,973.2708,0.0,40.5288,-47.6852,963.1788,-7.156400000000005,956.0224000000001
12,-8.6339,996.7209,0.0,40.8218,-48.28,988.087,-7.458199999999998,980.6288
13,-9.6639,966.94,0.0,40.3162,-47.9533,957.2761,-7.637099999999997,949.639
14,-9.6515,955.455,0.0,41.0911,-47.6127,945.8035,-6.521599999999999,939.2819
15,-8.9109,965.2155,0.0,41.2754,-48.5549,956.3046,-7.279500000000006,949.0251000000001
16,-10.3326,966.2445,0.0,40.7556,-47.8299,955.9119000000001,-7.074300000000001,948.8376000000001
17,-9.9415,979.7388,0.0,40.7793,-48.6241,969.7973,-7.844799999999999,961.9525
18,-9.9029,961.8824,0.0,40.9588,-48.0862,951.9794999999999,-7.1274000000000015,944.8521
19,-8.1517,993.8596,0.0,40.7887,-48.4469,985.7079,-7.658200000000001,978.0496999999999
20,-8.7473,957.5701,0.0,40.9494,-48.6405,948.8228,-7.691100000000006,941.1317
21,-9.9307,965.7956,0.0,41.2518,-48.377,955.8649,-7.1251999999999995,948.7397000000001
22,-8.5181,969.4678,0.0,40.7651,-48.389,960.9497,-7.623900000000006,953.3258
23,-10.3542,991.1656,0.0,40.5383,-47.9679,980.8114,-7.429600000000001,973.3818000000001
24,-8.7815,970.5123,0.0,40.2879,-47.8947,961.7307999999999,-7.6068,954.124
25,-9.0471,953.9589,0.0,41.1006,-47.8277,944.9118,-6.7271,938.1846999999999
26,-9.9286,970.904,0.0,40.7556,-48.1982,960.9754,-7.442599999999999,953.5328
27,-8.1406,955.733,0.0,40.6139,-48.4402,947.5924,-7.826299999999996,939.7661
28,-9.0965,951.5015,0.0,40.973,-48.3584,942.405,-7.385400000000004,935.0196
29,-9.5302,969.6064,0.0,41.2754,-48.3626,960.0762,-7.087200000000003,952.9889999999999
30,-9.4609,963.9245,0.0,40.5147,-47.7679,954.4635999999999,-7.2532,947.2103999999999
31,-9.8011,970.4832,0.0,40.1414,-48.3446,960.6821,-8.203200000000002,952.4789
32,-9.2424,945.7588,0.0,40.7887,-48.378,936.5164,-7.5893000000000015,928.9270999999999
33,-9.5422,976.0547,0.0,40.7368,-47.7694,966.5125,-7.032599999999995,959.4799
34,-9.0516,967.9833,0.0,41.0297,-47.8368,958.9317,-6.807099999999998,952.1246
35,-9.6217,966.9558,0.0,41.2801,-48.3586,957.3340999999999,-7.078500000000005,950.2555999999998
36,-9.1135,964.9596,0.0,41.2187,-47.9654,955.8461,-6.746700000000004,949.0994
37,-9.373,945.643,0.0,40.9068,-47.95,936.27,-7.043200000000006,929.2267999999999
38,-9.3579,953.4978,0.0,41.2092,-48.4304,944.1399,-7.221199999999996,936.9187000000001
39,-8.8007,964.1734,0.0,41.1289,-48.2781,955.3727,-7.1492,948.2235000000001

DELTA Energy Terms
Frame #,VDWAALS,EEL,EPB,ENPOLAR,EDISPER,DELTA G gas,DELTA G solv,DELTA TOTAL
0,-39.79120000000005,-551.3568999999991,0.0,-32.06629999999958,59.94280000000004,-591.1480999999991,27.876500000000462,-563.2715999999957
1,-38.03119999999999,-547.7144999999987,0.0,-30.667800000000128,58.472900000000095,-585.745700000001,27.805099999999968,-557.9405999999992
2,-33.27860000000026,-547.1358999999992,0.0,-29.169999999999895,56.32890000000006,-580.4145000000003,27.158900000000166,-553.2555999999996
3,-32.592800000000054,-548.5647000000022,0.0,-32.9406000000002,59.661800000000014,-581.1575000000022,26.72119999999981,-554.4363000000056
4,-40.87859999999977,-569.1802999999994,0.0,-32.623899999999786,61.14980000000006,-610.0588999999987,28.525900000000277,-581.5329999999974
5,-30.59029999999978,-548.648400000001,0.0,-31.045800000000085,58.08199999999991,-579.2386999999993,27.036199999999823,-552.2024999999975
6,-40.20309999999996,-544.9099,0.0,-31.078799999999966,59.25190000000008,-585.1130000000004,28.17310000000011,-556.9398999999976
7,-33.35409999999991,-552.9165000000005,0.0,-31.934099999999795,59.6157999999999,-586.2706000000013,27.681700000000106,-558.5889000000024
8,-34.68429999999964,-575.5929999999992,0.0,-33.22390000000004,61.90059999999998,-610.2772999999961,28.67669999999994,-581.6005999999999
9,-37.91429999999961,-584.6358000000007,0.0,-32.05229999999999,61.34279999999987,-622.5500999999994,29.29049999999988,-593.259600000001
10,-31.47480000000035,-571.182200000002,0.0,-32.24590000000027,59.537799999999976,-602.6570000000041,27.291899999999707,-575.3651000000067
11,-41.88700000000027,-559.6828000000003,0.0,-33.49330000000004,59.77110000000004,-601.5697999999996,26.2778,-575.2920000000033
12,-38.02170000000005,-541.3670999999993,0.0,-32.68999999999989,60.816699999999884,-579.3888000000011,28.126699999999992,-551.2621000000013
13,-40.323400000000234,-570.2939999999994,0.0,-32.27430000000029,60.02429999999991,-610.6174000000001,27.749999999999623,-582.8674
14,-38.31879999999995,-526.4718000000013,0.0,-31.319800000000114,58.154600000000165,-564.7906000000021,26.83480000000005,-537.9558000000015
15,-34.18740000000011,-572.7301999999997,0.0,-32.779900000000005,60.14619999999982,-606.9176000000012,27.366299999999818,-579.5513000000003
16,-39.303299999999766,-578.8740000000028,0.0,-30.724400000000102,58.56400000000013,-618.1773000000039,27.839600000000026,-590.3377000000048
17,-34.60090000000027,-615.0090000000026,0.0,-32.95470000000008,59.540300000000116,-649.6099000000047,26.585600000000035,-623.0243000000052
18,-36.64200000000032,-592.9120999999991,0.0,-31.07890000000009,58.63140000000002,-629.5540999999998,27.55249999999993,-602.0015999999995
19,-31.50210000000005,-576.7160000000006,0.0,-32.2600999999999,58.29889999999986,-608.2181000000006,26.03879999999996,-582.1793000000001
20,-38.934299999999894,-623.5034000000006,0.0,-33.0774999999999,59.91200000000006,-662.4377000000005,26.834500000000162,-635.6032000000033
21,-35.630599999999845,-603.5340999999995,0.0,-32.78939999999966,59.80189999999998,-639.1647000000007,27.012500000000323,-612.1521999999986
22,-38.13069999999993,-550.7587999999974,0.0,-32.20810000000021,58.6692999999999,-588.8894999999965,26.461199999999693,-562.4282999999972
23,-38.228800000000085,-540.0074999999995,0.0,-32.08999999999998,57.72940000000007,-578.2363000000018,25.639400000000087,-552.5969000000014
24,-25.909699999999752,-623.0243999999999,0.0,-30.78120000000009,57.740500000000054,-648.934100000001,26.959299999999963,-621.9748000000038
25,-35.90409999999997,-523.9156000000024,0.0,-30.200100000000262,57.347800000000184,-559.819700000002,27.147699999999922,-532.6720000000006
26,-30.81250000000019,-537.3962000000006,0.0,-30.88040000000005,56.752099999999885,-568.2087000000035,25.871699999999834,-542.3370000000023
27,-34.537199999999935,-532.5591999999995,0.0,-29.44400000000013,56.87190000000009,-567.0964000000008,27.42789999999996,-539.6685000000027
28,-32.50770000000022,-567.4008000000009,0.0,-30.303999999999675,55.242099999999866,-599.9085000000025,24.93810000000019,-574.9703999999987
29,-31.554200000000186,-596.1930999999998,0.0,-32.293099999999875,58.41330000000001,-627.7472999999995,26.120200000000132,-601.6270999999964
30,-36.37829999999989,-583.8062999999992,0.0,-31.42379999999985,57.60190000000006,-620.1846000000013,26.178100000000207,-594.0065000000031
31,-35.05420000000017,-595.232400000002,0.0,-33.03970000000029,60.02619999999989,-630.2866000000013,26.9864999999996,-603.3001000000021
32,-34.22419999999974,-533.9071000000007,0.0,-31.773399999999974,58.81680000000013,-568.1313000000005,27.043400000000155,-541.0879000000014
33,-38.99639999999986,-595.9128000000013,0.0,-31.570199999999986,60.12220000000011,-634.9092000000012,28.552000000000127,-606.3572000000001
34,-30.687799999999932,-542.8905000000015,0.0,-32.05689999999999,59.97700000000005,-573.5783000000037,27.920100000000055,-545.6582000000025
35,-34.85170000000031,-468.88420000000065,0.0,-29.99200000000024,59.39559999999981,-503.73589999999956,29.40359999999957,-474.3323000000013
36,-35.25819999999969,-486.93129999999826,0.0,-31.258400000000265,59.67080000000006,-522.1894999999979,28.412399999999792,-493.77710000000013
37,-35.94290000000006,-545.089899999999,0.0,-30.87090000000014,58.612200000000215,-581.0328000000004,27.741300000000074,-553.2915000000025
38,-30.22900000000024,-567.3373999999993,0.0,-30.199899999999836,57.19830000000005,-597.5663999999978,26.998400000000217,-570.5679999999974
39,-40.01789999999961,-468.71959999999706,0.0,-29.283299999999898,57.64120000000003,-508.73749999999575,28.357900000000136,-480.37959999999657


