phi,psi
84.91239166259766,-155.18936157226562
101.66808319091797,-151.20724487304688
127.84214782714844,-153.90663146972656
69.59912109375,-140.4811553955078
96.19246673583984,-34.741878509521484
83.7841796875,-166.55999755859375
69.10336303710938,-166.68528747558594
79.21987915039062,-155.59230041503906
41.598941802978516,-141.3037872314453
91.15633392333984,-166.29940795898438
67.39781951904297,166.48072814941406
79.2516860961914,-175.79092407226562
78.15674591064453,-142.55592346191406
83.98792266845703,-54.64193344116211
82.20927429199219,-57.97416305541992
73.2400894165039,-143.9801788330078
107.0783920288086,-143.71844482421875
79.55569458007812,-148.74925231933594
98.42144012451172,-155.60260009765625
73.88826751708984,-152.4644775390625
116.21429443359375,-156.03285217285156
69.03707122802734,-131.6249542236328
129.64752197265625,-119.03598022460938
84.8000717163086,-151.89418029785156
98.8182601928711,-172.6593475341797
73.20613098144531,-162.5458526611328
88.9173355102539,-155.42050170898438
120.60008239746094,175.71432495117188
133.56832885742188,-169.8732452392578
107.72476959228516,-159.19171142578125
90.28593444824219,-163.24020385742188
64.65116882324219,-165.1083526611328
79.18680572509766,-150.79776000976562
85.12881469726562,-127.60594177246094
116.2228775024414,-153.80125427246094
114.05363464355469,-168.01881408691406
67.48311614990234,-157.87181091308594
113.2647705078125,-138.56976318359375
89.66548919677734,-148.67127990722656
83.00189208984375,-155.9987030029297
93.08189392089844,-129.2653045654297
50.56781005859375,-113.38184356689453
62.71983337402344,-146.55209350585938
99.3634262084961,164.008544921875
72.51238250732422,-165.95643615722656
80.1990737915039,-58.15414047241211
108.9400634765625,-154.35597229003906
68.22952270507812,-148.4078369140625
53.73152542114258,-142.2281036376953
100.59403228759766,-160.55233764648438
98.72142791748047,-175.84718322753906
94.78794860839844,-152.2108612060547
99.28840637207031,-144.45489501953125
140.35560607910156,-143.83554077148438
67.08831787109375,-145.14715576171875
98.53611755371094,-151.53675842285156
91.00724792480469,-151.31887817382812
88.68572235107422,-167.93455505371094
110.3086929321289,-158.1897430419922
90.74527740478516,-158.1612091064453
102.06209564208984,-61.183650970458984
92.72112274169922,-148.7099609375
89.83772277832031,-117.91332244873047
100.8882064819336,-173.1787567138672
110.6720962524414,-170.11083984375
81.91743469238281,-147.36447143554688
54.3122673034668,-132.6797332763672
90.53532409667969,-76.30839538574219
79.33167266845703,-164.43478393554688
79.86117553710938,-157.7324676513672
121.88426971435547,-160.92999267578125
66.64993286132812,-156.33816528320312
71.64309692382812,-161.2288055419922
69.76354217529297,-152.78224182128906
85.1634521484375,-141.99288940429688
51.923866271972656,-146.32025146484375
89.86873626708984,-117.5030746459961
78.58524322509766,-142.8478546142578
94.20250701904297,-167.16046142578125
89.5484848022461,165.10830688476562
74.67059326171875,-168.57518005371094
71.66619873046875,-137.28472900390625
120.12911224365234,-165.131103515625
76.51606750488281,-178.68862915039062
125.46957397460938,-146.2964630126953
78.47236633300781,-144.65335083007812
72.89791107177734,-161.6515655517578
101.66056060791016,-159.6971435546875
82.38567352294922,-147.0944061279297
135.49029541015625,-167.42462158203125
74.44337463378906,-150.6223602294922
73.36851501464844,-163.87179565429688
81.18672180175781,-150.76255798339844
104.72123718261719,-170.2025604248047
114.28792572021484,-158.52163696289062
66.6339111328125,-169.3124237060547
94.12672424316406,-68.365234375
109.3066635131836,33.608421325683594
86.67242431640625,29.381092071533203
80.42166137695312,31.480056762695312
86.00456237792969,33.4607048034668
71.07500457763672,37.473628997802734
87.17327880859375,-175.2822723388672
98.74518585205078,-80.60318756103516
139.9925537109375,-120.3635025024414
61.34490203857422,-169.33975219726562
78.47589874267578,-162.85552978515625
83.82073211669922,-156.14015197753906
91.09152221679688,-52.360618591308594
88.34671783447266,-120.74259185791016
75.76322174072266,-143.87303161621094
110.3714828491211,-160.6132354736328
101.27259826660156,-135.82070922851562
88.498291015625,-154.38232421875
70.01815795898438,-66.50688934326172
94.58364868164062,-112.16473388671875
110.7701644897461,34.908302307128906
113.91786193847656,42.02191162109375
72.5212173461914,-43.665767669677734
68.78421020507812,29.917388916015625
106.23680114746094,-92.6466293334961
87.60108184814453,-163.63987731933594
86.55438232421875,-158.05557250976562
89.09013366699219,-139.14486694335938
77.02745819091797,-152.39300537109375
121.30519104003906,-145.13645935058594
103.33015441894531,-167.78094482421875
96.17190551757812,-164.61419677734375
84.91039276123047,-167.52978515625
77.74520111083984,-119.4693832397461
80.57707214355469,-41.960594177246094
71.64878845214844,-14.432103157043457
66.44493103027344,-14.830106735229492
59.156681060791016,-163.54896545410156
74.7040786743164,-136.6560516357422
84.38838958740234,-147.52734375
98.73168182373047,-153.00270080566406
90.12850189208984,173.9521026611328
94.7564468383789,-128.36395263671875
73.32662200927734,-162.0715789794922
61.94088363647461,-80.29059600830078
68.51622009277344,-139.39112854003906
127.64908599853516,-144.48207092285156
82.971923828125,-172.044921875
108.56938171386719,-150.21717834472656
90.09268188476562,-167.40054321289062
87.6599349975586,-168.4231414794922
74.00411224365234,-156.07943725585938
91.02151489257812,-161.8128204345703
68.10559844970703,-166.9215545654297
116.40089416503906,-146.0662078857422
77.11868286132812,-153.48065185546875
89.91432189941406,-168.84576416015625
64.32794189453125,-174.7271270751953
64.51700592041016,-143.66677856445312
78.05225372314453,-134.77764892578125
74.90499877929688,-164.74632263183594
93.85094451904297,-162.33103942871094
87.81989288330078,172.93699645996094
73.96078491210938,-166.8456573486328
102.81855773925781,-146.44448852539062
73.87638092041016,-69.55183410644531
97.70967864990234,167.27781677246094
98.06791687011719,-146.50350952148438
100.25897216796875,-167.6846466064453
109.1970443725586,-99.82984161376953
70.75211334228516,-140.36241149902344
113.62667846679688,-161.00250244140625
82.15686798095703,-74.7088851928711
42.55527114868164,-151.6128387451172
92.47164154052734,-158.64968872070312
79.24324798583984,-143.26837158203125
98.17179107666016,-154.5089569091797
75.37054443359375,-166.64451599121094
113.00421142578125,-127.0196304321289
84.94219207763672,-138.4346466064453
114.15357971191406,-150.49928283691406
133.2764892578125,-177.8809051513672
134.8561553955078,-148.35789489746094
90.8736343383789,-170.7091064453125
60.071319580078125,-100.81961059570312
132.36253356933594,-138.71559143066406
136.13720703125,-144.95355224609375
135.2942352294922,-163.97445678710938
126.635009765625,-163.21011352539062
93.89059448242188,13.078034400939941
86.25453186035156,-124.90701293945312
58.13859558105469,-142.35232543945312
79.20874786376953,-146.227783203125
82.74722290039062,13.497702598571777
86.34065246582031,-18.43027687072754
100.77313995361328,-54.52932357788086
90.57367706298828,-175.0312042236328
110.46240997314453,-167.23614501953125
115.605712890625,-77.70856475830078
88.41754913330078,21.73370933532715
97.44552612304688,-6.437427520751953
125.25621032714844,19.938127517700195
99.05175018310547,37.06435775756836
82.45233154296875,-153.01806640625
77.87004089355469,-127.25949096679688
118.38056945800781,-131.70779418945312
85.40641784667969,-155.89739990234375
97.74039459228516,-155.92584228515625
47.18216323852539,-167.95419311523438
88.74295043945312,-140.41592407226562
122.84282684326172,-133.6985626220703
109.0605697631836,-169.7530517578125
124.19950866699219,-59.92198944091797
76.13912963867188,-159.57363891601562
68.86357879638672,-165.80844116210938
127.80071258544922,-11.701953887939453
122.84530639648438,-45.39964294433594
92.92926788330078,-152.7222137451172
93.39949798583984,-174.7178955078125
94.52136993408203,-169.1031494140625
73.87259674072266,-163.80642700195312
94.60792541503906,-136.58547973632812
68.18184661865234,-153.87017822265625
65.68145751953125,-168.86550903320312
72.08390045166016,-157.3157501220703
68.01741790771484,-139.06637573242188
67.48375701904297,-170.98486328125
118.50402069091797,8.188708305358887
90.13656616210938,39.23215866088867
55.37218475341797,53.77936553955078
95.53780364990234,39.09829330444336
77.38440704345703,37.244140625
122.88983917236328,93.14332580566406
79.41386413574219,-123.663330078125
98.0307388305664,-140.69705200195312
91.0136489868164,-127.69696044921875
74.52238464355469,-139.31509399414062
84.21305847167969,-170.3922576904297
112.75135040283203,-155.35699462890625
74.95674896240234,-115.8300552368164
90.05599975585938,-160.72152709960938
102.46501922607422,178.78819274902344
88.66844177246094,-128.38699340820312
122.54100799560547,30.190181732177734
81.70233917236328,32.28056716918945
94.41378784179688,26.83938980102539
83.19706726074219,-59.91074752807617
86.79590606689453,-16.364320755004883
98.62368774414062,27.206037521362305
104.38603973388672,12.047652244567871
52.53379440307617,-137.56956481933594
97.20050048828125,-163.47171020507812
74.8567123413086,174.24839782714844
105.82774353027344,-167.20770263671875
92.36180877685547,-163.13043212890625
84.47006225585938,-138.830322265625
73.22782135009766,16.019792556762695
77.40796661376953,37.2552604675293
69.35528564453125,-116.02731323242188
102.29554748535156,-137.94778442382812
97.75432586669922,-160.1381072998047
88.44571685791016,-163.55943298339844
122.61034393310547,-171.46127319335938
73.39230346679688,7.362593650817871
75.1841812133789,28.562471389770508
106.1546401977539,9.470795631408691
113.89507293701172,-6.464109897613525
95.82355499267578,31.184654235839844
153.30416870117188,-137.6734619140625
80.121826171875,-135.02224731445312
107.14043426513672,-172.36912536621094
70.97077178955078,-149.41139221191406
77.69517517089844,-71.65638732910156
95.3872299194336,-161.20663452148438
81.79780578613281,-174.46926879882812
68.26238250732422,-161.43626403808594
94.86790466308594,-149.7165985107422
88.19622802734375,-161.4416961669922
89.7014389038086,-175.10865783691406
99.13807678222656,0.9544950723648071
130.40481567382812,36.92973709106445
78.95405578613281,-11.900973320007324
73.62812042236328,4.713775634765625
95.6844253540039,-62.69221878051758
122.27243041992188,-139.7274932861328
87.89057922363281,176.2460479736328
55.67792510986328,-146.20230102539062
61.00214385986328,-140.9268341064453
83.63893127441406,-138.25509643554688
97.85948944091797,-54.83730697631836
109.43836212158203,-150.3941650390625
105.78755187988281,-174.1842498779297
103.32498931884766,-146.37327575683594
72.47879028320312,-164.72482299804688
65.871826171875,-126.37117004394531
75.13080596923828,-142.0917205810547
72.71776580810547,-165.22227478027344
41.847877502441406,-122.4112548828125
66.96414184570312,-155.6048583984375
97.60160827636719,-151.2082977294922
76.53545379638672,-167.63734436035156
94.83909606933594,-150.47511291503906
88.71229553222656,29.92007827758789
69.47827911376953,-149.24774169921875
64.47614288330078,-150.5811767578125
113.4537353515625,-169.09031677246094
112.5054931640625,-170.8061065673828
82.50559997558594,-2.988990545272827
78.7923812866211,-155.41171264648438
63.7593879699707,-137.3227996826172
61.644981384277344,-151.52813720703125
136.39862060546875,-173.7093048095703
76.815185546875,-154.0738525390625
84.95718383789062,-141.3520965576172
60.55714416503906,-137.23838806152344
85.4063720703125,-162.02041625976562
133.43338012695312,-157.2165069580078
81.96526336669922,-152.1198272705078
120.96823120117188,-67.33555603027344
70.91913604736328,-168.75527954101562
141.4763641357422,-163.4700469970703
64.29573059082031,-150.29901123046875
80.8788070678711,-146.53155517578125
81.58915710449219,-156.94149780273438
93.46591186523438,-177.27772521972656
122.72207641601562,-139.0102081298828
110.62727355957031,172.2510528564453
122.3717269897461,-134.48934936523438
84.44994354248047,-142.81700134277344
58.62873458862305,-152.35739135742188
93.63677215576172,-147.8855743408203
102.77981567382812,-136.48416137695312
81.9089584350586,-171.82814025878906
77.60990142822266,-152.0691375732422
65.01615142822266,-148.24807739257812
136.39447021484375,-115.04161071777344
125.36034393310547,-153.12600708007812
71.40921783447266,-167.522216796875
122.26325988769531,-163.2034912109375
83.19412231445312,-158.6722869873047
83.0174789428711,-134.95730590820312
83.62059783935547,7.0214056968688965
93.6917953491211,41.986907958984375
78.44454956054688,-63.28628158569336
87.10111236572266,-165.86659240722656
78.91104888916016,-157.7040557861328
84.13802337646484,-165.7618865966797
103.22325134277344,-131.0239715576172
87.786865234375,-52.946083068847656
83.2991714477539,-73.49678039550781
85.55294036865234,-133.537109375
76.64474487304688,-132.17086791992188
76.0067367553711,163.84146118164062
107.45074462890625,-155.67979431152344
139.4980926513672,-143.7616424560547
107.97581481933594,5.499279975891113
75.8868179321289,22.52230453491211
74.72117614746094,25.268054962158203
98.35556030273438,26.955001831054688
128.77049255371094,9.683026313781738
144.06394958496094,-173.36318969726562
84.95489501953125,-147.05821228027344
77.34285736083984,-178.84547424316406
60.931915283203125,-174.24087524414062
88.51958465576172,-9.608469009399414
87.9911117553711,-8.212152481079102
73.91158294677734,-179.14559936523438
60.64647674560547,-155.5249481201172
71.95130920410156,-160.2833709716797
65.43035888671875,-161.62831115722656
99.05950927734375,-162.41358947753906
74.75074005126953,-146.29397583007812
113.30338287353516,-81.98202514648438
142.90328979492188,-118.51630401611328
69.23258209228516,-131.94921875
74.36405944824219,-134.26585388183594
95.09135437011719,-175.72569274902344
70.7012710571289,-122.3228759765625
96.01016235351562,-158.88262939453125
86.41353607177734,-176.9717559814453
96.80662536621094,-51.54862976074219
87.16520690917969,42.965858459472656
63.41408920288086,-66.91871643066406
77.78599548339844,-156.18569946289062
138.9210205078125,-167.3658447265625
70.57331085205078,-167.067626953125
131.2880096435547,-142.56752014160156
71.22760772705078,-150.8014373779297
129.69699096679688,178.4413604736328
89.76549530029297,-173.5165557861328
55.28509521484375,-155.8760986328125
63.65269470214844,-148.97544860839844
80.89246368408203,-150.94198608398438
87.71505737304688,-140.98489379882812
133.66061401367188,-155.13104248046875
127.62590026855469,-167.49163818359375
74.95960235595703,-149.80625915527344
119.924072265625,-161.5850067138672
123.4933090209961,-164.84678649902344
133.94293212890625,-169.38613891601562
140.1147003173828,-164.2018280029297
97.67971801757812,-152.7058868408203
122.10421752929688,-145.259033203125
98.64537811279297,-157.11390686035156
88.0973129272461,-166.65289306640625
78.08665466308594,-148.2919158935547
79.10789489746094,-150.87863159179688
77.70867919921875,-163.4652099609375
67.98429870605469,-157.0603485107422
101.77286529541016,-80.05480194091797
115.10429382324219,-145.57687377929688
58.350181579589844,-137.54800415039062
154.43002319335938,175.02676391601562
81.12088012695312,-30.417972564697266
93.76180267333984,14.338626861572266
107.07286071777344,35.942481994628906
100.21575164794922,-35.28663635253906
91.52757263183594,-71.53564453125
87.01655578613281,-62.4415168762207
92.5646743774414,32.587467193603516
101.10050201416016,-65.13201904296875
87.91084289550781,-143.1304931640625
97.50774383544922,-150.64453125
74.45685577392578,-144.17245483398438
140.69725036621094,-156.37014770507812
81.93702697753906,-136.59825134277344
73.8037109375,-169.4482879638672
85.76487731933594,-150.2833251953125
86.56494903564453,-143.8711700439453
73.50930786132812,-147.80712890625
112.27301788330078,-152.78826904296875
81.79313659667969,-138.06541442871094
82.59502410888672,-136.648193359375
79.89458465576172,-138.96092224121094
98.45938110351562,-164.94541931152344
66.42447662353516,-160.88536071777344
70.85369873046875,-143.03781127929688
64.75305938720703,-122.20467376708984
128.95179748535156,-144.20211791992188
70.09683990478516,-150.65850830078125
97.1353530883789,172.3092498779297
102.1768569946289,-147.2703094482422
124.8804702758789,177.35340881347656
74.76795959472656,-165.49468994140625
86.34112548828125,-156.38015747070312
83.80471801757812,-33.100929260253906
50.909732818603516,21.17169761657715
99.54659271240234,62.167442321777344
105.31327056884766,28.949188232421875
74.91055297851562,44.38594436645508
111.1783218383789,17.855085372924805
102.0206069946289,78.6759033203125
95.64227294921875,0.06406700611114502
91.44686126708984,-17.026798248291016
89.05132293701172,-1.027588963508606
80.80547332763672,-49.61067581176758
125.71050262451172,-143.81300354003906
66.4171142578125,-118.5016860961914
76.39583587646484,-159.94447326660156
105.80061340332031,-178.66180419921875
86.21337127685547,-131.37271118164062
90.8641586303711,13.800111770629883
82.58858489990234,20.997447967529297
67.25206756591797,27.300838470458984
128.50831604003906,-16.792518615722656
106.32726287841797,16.426586151123047
135.45797729492188,-26.48867416381836
92.31134033203125,-67.1541976928711
87.41655731201172,-172.73272705078125
149.50709533691406,-173.13206481933594
81.23326873779297,-126.4069595336914
64.98149108886719,-157.8179931640625
102.62846374511719,-154.58551025390625
101.4141616821289,-166.44395446777344
83.9078140258789,-154.53297424316406
66.75259399414062,-161.14515686035156
110.60578918457031,-69.90162658691406
79.25288391113281,-65.00558471679688
72.86678314208984,-147.9012451171875
94.2265853881836,-60.44601821899414
79.98799896240234,-118.13636779785156
73.96685028076172,-143.6785430908203
89.97309112548828,-173.2814178466797
84.8128890991211,-176.4072723388672
115.88453674316406,-148.341064453125
93.09403991699219,-166.7209014892578
70.09538269042969,-169.41741943359375
83.83308410644531,-152.4724578857422
80.9840087890625,-122.92816925048828
94.85362243652344,-143.14837646484375
125.47334289550781,-178.32334899902344
77.18073272705078,-137.1866912841797
83.38533020019531,-163.31463623046875
93.90586853027344,-119.40238189697266
145.746337890625,20.34146499633789
92.52996063232422,-163.6060028076172
88.58403778076172,-168.457275390625
71.1592025756836,-144.58311462402344
64.15705108642578,-146.95896911621094
75.52745056152344,-142.35885620117188
125.03700256347656,-161.7484588623047
73.16548919677734,-165.80152893066406
66.42513275146484,-177.95021057128906
63.412498474121094,-41.22550582885742
83.07121276855469,-168.11373901367188
106.98347473144531,-113.9609375
120.4359130859375,-148.6527862548828
84.33586120605469,-146.7731170654297
108.10446166992188,177.35191345214844
119.05007934570312,-148.09661865234375
83.74490356445312,-142.1246337890625
138.43812561035156,-163.65573120117188
66.39904022216797,-123.44393157958984
113.64155578613281,-160.24676513671875
58.56583023071289,-151.1976318359375
83.13744354248047,-146.48841857910156
124.5875473022461,-179.4579620361328
103.6819076538086,-148.76300048828125
117.38966369628906,-108.5730972290039
69.0659408569336,-137.5092010498047
121.57203674316406,-127.88726806640625
77.51431274414062,-154.64524841308594
120.4530258178711,-142.902099609375
76.71566772460938,-135.75128173828125
76.89131164550781,-125.27691650390625
107.69715118408203,-117.94927215576172
97.30503845214844,-157.3341827392578
91.9968490600586,-137.6230010986328
71.06695556640625,-151.8380126953125
71.4111328125,-162.0442657470703
86.615478515625,-145.9408416748047
56.62901306152344,-156.29734802246094
61.32758712768555,-114.6117172241211
83.64188385009766,-142.23741149902344
99.56368255615234,-151.98704528808594
116.63782501220703,-157.84356689453125
105.9735107421875,-108.0033950805664
73.5945053100586,-157.94866943359375
95.7055892944336,-168.7801513671875
151.77711486816406,-172.15640258789062
67.27496337890625,-165.75732421875
84.24881744384766,-154.15805053710938
111.16705322265625,-169.44778442382812
93.42227172851562,-136.4644775390625
77.88825225830078,-159.0262451171875
110.58809661865234,-172.88160705566406
111.80902862548828,-112.38878631591797
80.40849304199219,-153.28048706054688
96.59471893310547,-136.88597106933594
64.55438995361328,-169.34947204589844
62.78286361694336,-162.7405242919922
85.37899017333984,-128.45697021484375
76.68586730957031,-144.70411682128906
71.66600036621094,-152.57012939453125
117.90947723388672,-132.74728393554688
96.00352478027344,-135.9764404296875
51.18361282348633,-125.36245727539062
63.62646484375,-131.88980102539062
67.75977325439453,-139.20022583007812
50.9833869934082,-125.25171661376953
96.29154968261719,-136.63253784179688
71.81229400634766,-152.34246826171875
76.12419891357422,-179.60885620117188
135.64447021484375,-152.4196319580078
91.83324432373047,-160.376220703125
91.95104217529297,-153.1341552734375
103.72059631347656,-145.6426544189453
95.23190307617188,-173.4112548828125
119.95977020263672,-141.11834716796875
98.77908325195312,-156.02418518066406
84.02755737304688,-162.47314453125
107.32888793945312,178.4444122314453
88.2776870727539,-165.4104461669922
100.9536361694336,-147.67715454101562
141.30116271972656,-160.02357482910156
110.4572982788086,-144.8497772216797
105.65568542480469,-167.42141723632812
111.96759033203125,-141.2395782470703
63.750186920166016,-165.48406982421875
74.59745025634766,-140.11190795898438
89.03887176513672,-125.76803588867188
65.59085083007812,-164.4263153076172
70.661865234375,-169.67874145507812
72.27179718017578,-149.78781127929688
86.28947448730469,-132.3614501953125
111.40887451171875,-107.53114318847656
100.80501556396484,38.4295768737793
101.49918365478516,12.045162200927734
95.62895965576172,-24.870349884033203
111.10102844238281,-144.29856872558594
91.3195571899414,-140.33457946777344
113.4067153930664,-146.69810485839844
93.39047241210938,-157.66297912597656
65.24212646484375,-142.60333251953125
77.58375549316406,-146.0322723388672
95.62490844726562,-156.176025390625
88.6625747680664,-111.83270263671875
89.89839172363281,179.8654327392578
94.95398712158203,-30.008140563964844
82.17326354980469,17.239774703979492
119.84541320800781,-143.3147735595703
84.02428436279297,-162.76475524902344
54.416072845458984,-109.95339965820312
90.32305908203125,-163.97491455078125
91.3902816772461,-132.64657592773438
111.44087982177734,165.4678192138672
108.10033416748047,-146.81898498535156
113.3661117553711,-165.69595336914062
98.8409652709961,-160.9164276123047
136.80215454101562,-48.59140396118164
127.57059478759766,47.106109619140625
125.50828552246094,34.50337219238281
130.97901916503906,-167.84829711914062
121.59078979492188,-142.1647491455078
111.6250228881836,-178.13340759277344
72.78763580322266,-127.37049102783203
89.81880950927734,-150.27871704101562
79.87786865234375,-155.5010986328125
111.78416442871094,-159.94407653808594
124.19330596923828,-151.621826171875
110.47594451904297,173.64669799804688
82.10035705566406,-148.13673400878906
83.44702911376953,-149.22535705566406
149.39080810546875,-166.9186553955078
56.28566360473633,-153.98257446289062
92.70697021484375,-155.33529663085938
57.340301513671875,20.853403091430664
60.613643646240234,-154.4429931640625
99.60050964355469,-152.3206024169922
49.303558349609375,-159.9057159423828
113.31160736083984,-179.9512939453125
88.49927520751953,-143.14950561523438
85.95724487304688,-151.81971740722656
79.49996948242188,-138.60977172851562
90.0087890625,-137.4818878173828
88.43008422851562,-159.46685791015625
99.4529800415039,-156.5241241455078
117.75397491455078,-157.42384338378906
91.4634780883789,-149.1975555419922
127.20390319824219,-169.31124877929688
117.70685577392578,-177.69383239746094
83.71971893310547,-150.03460693359375
83.86550903320312,-78.8946533203125
113.13471221923828,-161.47637939453125
131.4931182861328,167.21194458007812
80.91136932373047,-60.62372589111328
77.82327270507812,-150.35687255859375
98.86637878417969,-168.52114868164062
106.06221771240234,-146.4070281982422
77.27684020996094,-173.2147674560547
108.26420593261719,-171.98789978027344
115.28884887695312,-160.42819213867188
89.85417938232422,-137.17762756347656
76.23748779296875,37.422119140625
84.22716522216797,-45.83474349975586
50.28892135620117,47.45766830444336
92.08902740478516,39.07352828979492
101.27561950683594,-31.450952529907227
117.94833374023438,-8.565818786621094
77.33779907226562,-8.984057426452637
66.73432922363281,33.79903793334961
104.8050308227539,-43.09888458251953
95.18989562988281,-80.38878631591797
102.47013092041016,178.79351806640625
102.16800689697266,-153.61277770996094
87.26358795166016,-113.50804138183594
82.42395782470703,-154.61569213867188
92.55210876464844,-159.00299072265625
113.66449737548828,175.4391326904297
87.3248291015625,-146.03533935546875
128.5640411376953,-139.35035705566406
81.37007141113281,-158.65016174316406
89.5537109375,-119.16758728027344
92.46197509765625,-142.2427215576172
105.33160400390625,-111.02481079101562
66.01980590820312,-157.51004028320312
65.09133911132812,-151.5720977783203
99.02610778808594,-159.177734375
72.52632904052734,175.09188842773438
123.79235076904297,-68.13636779785156
130.19053649902344,-1.8662229776382446
128.25485229492188,17.714374542236328
114.34870910644531,51.94642639160156
78.34760284423828,8.629220008850098
70.81866455078125,33.53030014038086
134.6243133544922,29.54561996459961
96.2407455444336,14.195523262023926
95.74870300292969,-15.630122184753418
81.00997924804688,41.6051139831543
104.09346771240234,17.931865692138672
111.55315399169922,-21.284351348876953
137.98284912109375,24.784475326538086
109.46351623535156,4.930296897888184
89.06208038330078,26.551528930664062
91.76184844970703,36.82250213623047
107.37510681152344,-139.61520385742188
63.598140716552734,-135.35772705078125
97.24419403076172,-157.0607452392578
127.181396484375,-163.57064819335938
107.47952270507812,-134.27320861816406
70.83580780029297,-138.80816650390625
118.22367095947266,-161.21322631835938
119.60301208496094,-99.58164978027344
70.38459777832031,-160.3035125732422
126.4994125366211,24.569725036621094
81.11282348632812,13.608686447143555
61.11642074584961,45.272117614746094
124.79872131347656,43.75471115112305
119.75784301757812,-48.429622650146484
86.75690460205078,-149.09593200683594
74.83971405029297,-153.0084228515625
70.11021423339844,-66.48648834228516
85.8215103149414,-151.90548706054688
99.94632720947266,-169.94094848632812
93.61032104492188,-179.3248291015625
71.8399429321289,-153.29946899414062
65.71189880371094,-166.26527404785156
74.33338165283203,-153.98866271972656
84.0362319946289,-146.86984252929688
121.66316223144531,-153.02194213867188
110.44219207763672,-162.10179138183594
113.29489135742188,164.099853515625
101.0963363647461,-157.52777099609375
80.90425872802734,-155.63502502441406
117.69603729248047,-170.37863159179688
74.40174102783203,-153.21067810058594
82.76581573486328,-152.76487731933594
134.03138732910156,-168.14772033691406
137.1437225341797,-166.6640167236328
82.52317810058594,20.5114688873291
97.8159408569336,-129.88607788085938
131.3242950439453,-163.834716796875
91.01801300048828,-127.58024597167969
120.25066375732422,-171.52439880371094
77.18402862548828,-178.616455078125
140.29165649414062,-163.828369140625
70.12713623046875,-149.03065490722656
64.18157958984375,-154.51002502441406
72.81712341308594,-144.486083984375
87.88806915283203,-19.505590438842773
118.45905303955078,-115.81822967529297
118.7506332397461,-143.285400390625
97.98727416992188,-159.21351623535156
103.50287628173828,177.82907104492188
102.92034912109375,-155.1588897705078
89.39395141601562,-168.55426025390625
86.76611328125,-179.84620666503906
92.69747161865234,-168.74806213378906
79.5470199584961,-165.24522399902344
72.97610473632812,-120.89703369140625
99.12956237792969,-168.45262145996094
119.16328430175781,-167.3833465576172
104.02371978759766,-161.68923950195312
100.08033752441406,-157.5875701904297
105.60435485839844,-150.22280883789062
98.0614013671875,-159.1147918701172
91.03216552734375,-164.25648498535156
105.62455749511719,-123.57315826416016
79.06281280517578,-135.3803253173828
127.85875701904297,-143.60256958007812
87.59811401367188,-153.2642364501953
101.30950164794922,-159.66094970703125
94.0973892211914,-165.23268127441406
91.5353012084961,-177.9365997314453
71.50702667236328,-157.190673828125
76.74442291259766,-144.72390747070312
72.11933135986328,-133.0190887451172
84.26597595214844,-138.74913024902344
78.17642211914062,179.5489959716797
115.39837646484375,-174.30665588378906
72.96898651123047,-133.54148864746094
90.599853515625,-138.36163330078125
58.0661735534668,-139.92440795898438
95.57060241699219,-149.0695037841797
101.2738037109375,-155.2742462158203
63.17898178100586,-149.8809051513672
114.52213287353516,-157.33297729492188
122.35404968261719,165.3168487548828
70.24713897705078,-175.6883544921875
82.89508819580078,-176.56668090820312
80.85613250732422,174.7285614013672
81.64392852783203,-136.91513061523438
94.45594787597656,-148.9928741455078
141.2931365966797,-169.39413452148438
98.77350616455078,-179.33535766601562
98.34291076660156,-157.08242797851562
138.60008239746094,-167.93704223632812
129.41310119628906,-171.40843200683594
65.85826873779297,-149.3820343017578
88.73309326171875,-162.74905395507812
76.30900573730469,-139.026123046875
144.99139404296875,-177.7512969970703
83.75743103027344,-142.9087677001953
79.04319763183594,-168.7916717529297
73.8396224975586,-156.34124755859375
95.5173110961914,-116.25694274902344
87.75971984863281,-160.137939453125
79.46713256835938,-153.4358673095703
67.78893280029297,-155.6996612548828
71.14803314208984,-177.65382385253906
93.28248596191406,-165.89674377441406
67.93598175048828,-60.68811798095703
78.86566162109375,-164.93238830566406
83.55403900146484,8.090639114379883
97.64201354980469,13.805689811706543
102.59701538085938,-0.29746949672698975
76.37181091308594,-132.2330780029297
120.79657745361328,-162.1654815673828
75.66564178466797,-149.86476135253906
83.7288589477539,-131.9078826904297
91.10386657714844,-154.5243377685547
83.50428009033203,-138.19366455078125
53.236515045166016,-104.80768585205078
78.18086242675781,-159.5816650390625
121.50978088378906,-141.9933624267578
81.254638671875,-167.35223388671875
72.91329956054688,-135.4391326904297
52.167274475097656,-147.94873046875
61.879180908203125,-165.43690490722656
107.10344696044922,-163.1818084716797
58.9345588684082,-143.7227020263672
117.4855728149414,-143.1148681640625
84.86113739013672,-163.82052612304688
122.79203033447266,14.903618812561035
71.86978912353516,-49.67292022705078
80.5700912475586,-167.12265014648438
105.73578643798828,-133.93211364746094
116.01220703125,-51.37348937988281
85.88215637207031,-71.69088745117188
111.14737701416016,17.887317657470703
114.14999389648438,-56.11591720581055
77.58570861816406,-156.00515747070312
84.99874114990234,-65.39582824707031
70.40586853027344,36.03539276123047
88.19766235351562,-149.77484130859375
113.57527160644531,-154.67648315429688
103.13557434082031,174.16851806640625
114.44097900390625,-129.9014892578125
80.25035095214844,-170.24586486816406
75.6216812133789,-168.6084747314453
61.32807540893555,-148.24461364746094
82.56539916992188,-136.69435119628906
79.74374389648438,-113.32950592041016
78.96243286132812,-139.67413330078125
70.78404235839844,-157.2102508544922
63.376548767089844,-151.8337860107422
103.54150390625,-130.10446166992188
72.75332641601562,-164.42782592773438
82.97077941894531,-141.16590881347656
80.94125366210938,-142.8556671142578
129.36862182617188,-158.43833923339844
81.42100524902344,-155.68235778808594
67.15619659423828,-158.21351623535156
75.12583923339844,-160.54437255859375
151.6620635986328,-139.3105926513672
74.56774139404297,-141.76629638671875
68.48527526855469,-137.881103515625
80.19696044921875,-155.97357177734375
94.96912384033203,-139.05142211914062
77.32406616210938,-149.41201782226562
52.00861740112305,-120.34344482421875
122.4079818725586,-163.92068481445312
100.66120147705078,-156.89891052246094
71.0793685913086,-142.18295288085938
121.3485107421875,-151.6219940185547
72.76232147216797,-147.9876251220703
155.8097686767578,-135.3593292236328
92.36021423339844,-133.08566284179688
75.74009704589844,-144.12742614746094
101.42147064208984,-148.99310302734375
68.58045196533203,-116.52588653564453
85.13387298583984,-146.86920166015625
81.41387939453125,-145.3380584716797
106.9758071899414,-155.0086212158203
96.54547119140625,-157.27557373046875
100.92399597167969,-161.21095275878906
62.75815200805664,-155.57772827148438
83.83424377441406,-153.431396484375
96.15570068359375,-60.76589584350586
92.51911163330078,-173.88232421875
108.14239501953125,-160.31585693359375
96.24189758300781,147.81454467773438
68.37000274658203,-142.02157592773438
75.93558502197266,-162.38967895507812
41.47433853149414,-143.73867797851562
115.4900131225586,-128.61888122558594
54.116939544677734,-133.1564178466797
101.87165069580078,-131.83514404296875
55.63241958618164,-141.31561279296875
105.91627502441406,-152.10870361328125
119.11914825439453,-171.43173217773438
80.02278900146484,-154.15127563476562
124.14885711669922,-132.93563842773438
70.13131713867188,8.63290786743164
144.61158752441406,-26.32028579711914
70.70130157470703,30.136035919189453
119.27619171142578,27.241607666015625
132.54490661621094,34.54114532470703
108.10289001464844,0.052177682518959045
108.91108703613281,-126.74246215820312
163.6781005859375,-150.22744750976562
117.99017333984375,-156.84495544433594
103.77435302734375,-175.41055297851562
126.60543060302734,-144.3693389892578
86.28843688964844,-60.04469680786133
89.4801025390625,-157.3920440673828
70.01704406738281,-154.72891235351562
79.07046508789062,-131.65354919433594
87.4116439819336,-62.380653381347656
110.61418151855469,43.33985137939453
88.37759399414062,12.454813003540039
62.51150131225586,48.004425048828125
89.8362045288086,-67.50495910644531
112.61378479003906,-155.15786743164062
68.99748992919922,-173.4480438232422
92.73493194580078,-172.14710998535156
76.30274963378906,-135.4005126953125
121.49996185302734,-143.0743408203125
79.29007720947266,-126.37877655029297
105.00714874267578,-152.63555908203125
69.49903106689453,-150.20181274414062
137.50082397460938,-127.0197525024414
67.58397674560547,-134.03700256347656
139.42115783691406,-138.07308959960938
80.14488220214844,-174.3286895751953
61.45616149902344,-124.56890106201172
126.83089447021484,-157.23814392089844
74.254638671875,-46.644561767578125
134.79733276367188,-13.794581413269043
132.8036346435547,-150.97613525390625
81.65805053710938,-12.281364440917969
107.30079650878906,15.386821746826172
98.38697814941406,-29.53687858581543
89.72711181640625,-53.53038024902344
77.21470642089844,-157.03639221191406
97.22036743164062,-154.7906494140625
88.9023208618164,-155.81570434570312
132.751953125,-154.00338745117188
123.32312774658203,-161.78616333007812
101.95709991455078,179.89346313476562
96.38538360595703,-153.0468292236328
104.72771453857422,-165.2492218017578
75.16243743896484,-159.71206665039062
123.31633758544922,-145.51278686523438
102.4142837524414,-51.92805480957031
124.27135467529297,18.31870460510254
120.99616241455078,4.353308200836182
137.17929077148438,-14.644678115844727
110.3828125,11.68500804901123
65.15348815917969,-146.25328063964844
130.4171142578125,-146.07647705078125
132.95297241210938,-148.749755859375
94.64124298095703,-139.6151580810547
78.0989990234375,-160.93035888671875
94.26260375976562,-127.6558609008789
77.5699691772461,-151.8693389892578
94.93887329101562,171.5347442626953
97.93128204345703,-148.0677032470703
117.2149887084961,-152.05162048339844
66.77824401855469,-154.10133361816406
109.87911987304688,-141.73536682128906
131.41268920898438,-138.27838134765625
86.23057556152344,-147.08358764648438
93.68714904785156,-146.7133026123047
93.09933471679688,-136.14236450195312
152.2267608642578,-135.0755615234375
73.85782623291016,-149.30514526367188
82.88536071777344,-142.1217041015625
94.7022476196289,-125.73506164550781
110.42593383789062,14.970192909240723
129.8135986328125,-18.566469192504883
89.21102142333984,37.373321533203125
72.6312026977539,40.00862503051758
85.34765625,36.19586944580078
127.93704223632812,4.076383113861084
89.98096466064453,-29.752275466918945
81.14788818359375,-12.01304817199707
79.85377502441406,-45.69237518310547
99.2971420288086,54.5830078125
85.3712387084961,-149.21353149414062
77.92798614501953,-156.1068878173828
96.39289093017578,-152.5906219482422
92.87300872802734,-134.66038513183594
77.2464370727539,-125.70696258544922
122.2264175415039,171.01438903808594
78.49046325683594,170.85755920410156
108.90841674804688,-169.63894653320312
104.58297729492188,-151.18348693847656
102.86296844482422,-149.7393798828125
76.27395629882812,-107.66069793701172
68.93122863769531,-148.9211883544922
63.72785949707031,-146.49368286132812
100.44198608398438,-166.30255126953125
79.13923645019531,-150.77955627441406
89.20559692382812,-168.16702270507812
83.91133117675781,-162.53213500976562
86.37814331054688,176.42567443847656
98.97881317138672,-166.27725219726562
58.69952392578125,-163.948974609375
87.53788757324219,-154.2884521484375
96.3900375366211,-164.4586944580078
71.45384216308594,-145.11962890625
65.40605926513672,26.655315399169922
97.09163665771484,23.745206832885742
