phi,psi
78.0714111328125,-175.66864013671875
98.43502044677734,-170.81866455078125
67.46851348876953,177.45169067382812
64.28900909423828,-158.71536254882812
91.6688232421875,173.6159210205078
63.18889236450195,-172.5096893310547
88.56839752197266,-147.1783905029297
75.42261505126953,-142.3239288330078
80.82574462890625,-173.75790405273438
56.512176513671875,-164.8463897705078
69.51385498046875,-168.2460479736328
79.84635162353516,-155.90130615234375
57.269813537597656,-151.99435424804688
69.02304077148438,-170.6374053955078
74.95174407958984,-162.81423950195312
92.14030456542969,-146.5513916015625
56.14624786376953,-121.4283676147461
58.25198745727539,-153.50265502929688
81.6368179321289,-155.17967224121094
91.31034851074219,-154.6720733642578
71.20030975341797,-175.4212646484375
65.5560073852539,-163.03933715820312
71.37022399902344,-151.87734985351562
80.52515411376953,-149.7969512939453
78.53882598876953,-170.41122436523438
75.90849304199219,-149.62831115722656
105.329833984375,164.49977111816406
70.7474365234375,-163.5604248046875
85.29773712158203,-154.84117126464844
77.121826171875,-141.62652587890625
83.2219467163086,164.38641357421875
67.39210510253906,-165.8117218017578
98.55302429199219,-158.36126708984375
83.37853240966797,-145.64828491210938
75.47256469726562,-157.37548828125
71.54638671875,-170.34877014160156
64.86905670166016,-155.69705200195312
64.96603393554688,-146.87171936035156
74.32233428955078,-164.67855834960938
74.11094665527344,-164.3907470703125
81.37403106689453,-170.20851135253906
79.5680923461914,-147.747314453125
81.80690002441406,-150.18214416503906
71.20362091064453,-167.35836791992188
79.17481231689453,-159.3492431640625
90.73661804199219,-166.18605041503906
72.34628295898438,-165.3269500732422
78.999267578125,-168.98770141601562
76.71837615966797,-174.51736450195312
90.0591812133789,170.8583221435547
81.1808090209961,-146.1217803955078
69.79386138916016,-166.61346435546875
89.73535919189453,160.44444274902344
82.1397933959961,-156.10462951660156
94.53681182861328,-169.55548095703125
71.33466339111328,-170.09909057617188
86.02566528320312,178.37673950195312
80.4624252319336,-158.0491943359375
72.5051040649414,-153.73867797851562
67.45491027832031,-166.54742431640625
97.64826202392578,-163.8599090576172
91.32820892333984,-167.406005859375
67.01014709472656,-143.04425048828125
71.83509063720703,-150.9250030517578
69.98596954345703,-171.4773406982422
77.4357681274414,-170.7452850341797
77.78541564941406,-172.24337768554688
55.038944244384766,-156.8827362060547
83.10359954833984,-161.37753295898438
94.31507110595703,-146.51123046875
72.573974609375,-174.76173400878906
75.2275161743164,-147.13600158691406
82.30621337890625,-165.12322998046875
64.2923583984375,-162.1680450439453
70.34259033203125,-142.78350830078125
75.62077331542969,-172.3631134033203
97.22872924804688,-166.02906799316406
48.4444580078125,-149.10646057128906
65.5670166015625,175.65933227539062
76.52104949951172,-170.12802124023438
70.40324401855469,-148.48158264160156
73.1698226928711,-163.08596801757812
67.1842269897461,-153.74200439453125
78.41948699951172,-165.2781219482422
54.169921875,-171.12844848632812
68.9627914428711,-174.50607299804688
50.1264533996582,-147.48770141601562
56.27688980102539,-141.89013671875
80.89118194580078,-149.60128784179688
90.35906982421875,-158.40792846679688
78.10377502441406,-150.92471313476562
86.72618865966797,-163.3000946044922
83.9112319946289,-161.99374389648438
87.68604278564453,-155.61407470703125
79.0552749633789,-150.17730712890625
98.38893127441406,-167.3325958251953
76.84466552734375,-161.96156311035156
71.58395385742188,-157.1741180419922
72.23702239990234,-170.5083465576172
63.2435302734375,-169.873291015625
90.27388763427734,-115.73271179199219
74.22074127197266,-173.7174835205078
58.30665969848633,-159.65097045898438
86.93689727783203,-161.01258850097656
80.11920928955078,-159.21926879882812
63.82193374633789,-149.57855224609375
75.25745391845703,-146.9110870361328
74.800537109375,-149.41961669921875
60.790279388427734,-170.23269653320312
60.76164627075195,-152.59388732910156
71.50362396240234,-150.59915161132812
93.78666687011719,-170.34707641601562
90.72129821777344,-168.4260711669922
73.2532958984375,-148.66552734375
72.59492492675781,-165.5105438232422
72.8120346069336,-151.72589111328125
65.27287292480469,-173.22244262695312
82.13594818115234,170.6860809326172
84.75615692138672,-173.43106079101562
85.8157958984375,-151.6018829345703
78.96957397460938,-163.40415954589844
72.26861572265625,-140.46383666992188
84.1512680053711,-136.84103393554688
73.94876861572266,-152.60398864746094
80.60026550292969,-166.09698486328125
70.34806823730469,-140.58827209472656
74.54129791259766,-159.3546142578125
55.0666389465332,-125.22282409667969
59.94451141357422,-154.9830780029297
73.599609375,-146.52162170410156
79.38217163085938,-163.12635803222656
80.81196594238281,-170.9229736328125
87.87120056152344,-123.28404998779297
80.35717010498047,-146.53456115722656
96.13558197021484,-161.02757263183594
45.5971794128418,-178.01171875
70.15686798095703,-178.8829803466797
64.4520034790039,-161.3596649169922
65.12335205078125,-149.16380310058594
93.34722137451172,179.09161376953125
59.013999938964844,-150.14158630371094
70.63827514648438,-172.4165802001953
67.80240631103516,-153.46307373046875
78.09038543701172,-145.47239685058594
89.45613861083984,-165.2459259033203
76.66929626464844,-133.96234130859375
76.43952178955078,-162.14752197265625
69.4509048461914,-164.27635192871094
89.02130126953125,-153.12754821777344
79.76982879638672,-144.4483184814453
86.2262954711914,-170.38255310058594
90.54588317871094,-171.588623046875
77.47215270996094,-161.55226135253906
64.10037994384766,-173.5739288330078
85.95292663574219,-148.84117126464844
71.7900619506836,-142.3812255859375
59.061038970947266,-144.09564208984375
73.18798828125,-142.75302124023438
76.59172058105469,-174.90020751953125
55.598331451416016,-170.10894775390625
95.60475158691406,-154.30149841308594
82.97867584228516,-163.4559783935547
73.61900329589844,39.992618560791016
93.56538391113281,20.632524490356445
76.31432342529297,43.942291259765625
88.39300537109375,33.544307708740234
80.05082702636719,43.50780487060547
92.05903625488281,3.8471875190734863
98.3404541015625,-9.299859046936035
81.30988311767578,-1.7058929204940796
64.013671875,39.688533782958984
75.21090698242188,43.88534927368164
87.97129821777344,19.676021575927734
81.50910949707031,18.899272918701172
84.08325958251953,9.031332969665527
70.83534240722656,13.981765747070312
98.86558532714844,13.160844802856445
63.997989654541016,46.91518020629883
85.8855209350586,2.5437705516815186
85.1154556274414,21.30389404296875
74.58561706542969,14.670269012451172
80.82487487792969,-1.194075107574463
68.11003112792969,47.11386489868164
86.23265838623047,24.792922973632812
69.49268341064453,39.17299270629883
74.74821472167969,29.167919158935547
79.86764526367188,26.08124351501465
54.22008514404297,22.94426155090332
49.912776947021484,53.297420501708984
64.42407989501953,24.72598648071289
84.60029602050781,30.23123550415039
85.94752502441406,31.600370407104492
82.4794921875,28.651504516601562
89.82701873779297,12.153691291809082
86.3831558227539,23.981630325317383
105.45272827148438,6.961267948150635
102.04661560058594,30.139812469482422
97.31488037109375,2.2524781227111816
87.78253936767578,32.41885757446289
71.472900390625,14.855257987976074
83.48294830322266,3.2407116889953613
80.93315887451172,22.88047218322754
77.5157699584961,19.900712966918945
87.39054107666016,29.122419357299805
72.23728942871094,18.070964813232422
100.96700286865234,-6.346208572387695
81.43214416503906,31.384904861450195
72.73175811767578,12.349559783935547
79.6563491821289,19.339101791381836
82.63316345214844,47.43483352661133
75.36490631103516,12.356364250183105
80.310302734375,7.990857124328613
82.14737701416016,37.70878219604492
80.37696838378906,8.065518379211426
87.29352569580078,23.741479873657227
64.37322235107422,39.61666488647461
78.90409088134766,5.335129737854004
82.54776763916016,9.221826553344727
82.63969421386719,23.276620864868164
82.3664779663086,34.989601135253906
72.34259033203125,2.599902868270874
77.57322692871094,11.4715576171875
78.08990478515625,21.175912857055664
51.48804473876953,30.309293746948242
83.9142074584961,24.962154388427734
93.47813415527344,15.36241626739502
63.34068298339844,34.203758239746094
72.77605438232422,9.910804748535156
79.56110382080078,3.3431284427642822
54.06669616699219,18.43353843688965
85.57450103759766,-1.8934792280197144
87.88438415527344,13.691719055175781
76.5201187133789,-10.5848388671875
74.119140625,31.299808502197266
83.05435943603516,11.950599670410156
81.34203338623047,23.259004592895508
73.22896575927734,25.775968551635742
90.55233764648438,14.166643142700195
59.36252212524414,43.68796920776367
81.47388458251953,6.969295978546143
95.4912338256836,18.531774520874023
71.71607208251953,19.477924346923828
62.34709167480469,44.6848258972168
108.0573501586914,11.22889232635498
86.56410217285156,28.802011489868164
86.24779510498047,33.13705825805664
74.5882568359375,10.603395462036133
76.92086029052734,36.781158447265625
83.90178680419922,20.543363571166992
74.64054870605469,0.059844814240932465
90.48411560058594,10.393779754638672
74.62454223632812,29.676551818847656
52.735069274902344,31.533203125
59.36161422729492,38.60810852050781
78.38001251220703,22.335786819458008
71.09735870361328,51.9948616027832
88.39359283447266,20.839279174804688
73.58596801757812,21.752439498901367
79.98787689208984,21.69011688232422
81.4501953125,17.16385841369629
74.28971099853516,17.092134475708008
88.7021713256836,8.025045394897461
84.09379577636719,25.029354095458984
104.7011947631836,47.17130661010742
82.28256225585938,29.98780059814453
83.88267517089844,23.909780502319336
78.18058013916016,35.11207962036133
66.0024185180664,24.63566017150879
84.99226379394531,19.650970458984375
59.42059326171875,36.88661193847656
79.30784606933594,27.874692916870117
74.41667938232422,30.69999885559082
44.99385070800781,32.59238052368164
89.61585998535156,15.022942543029785
59.08724594116211,31.564170837402344
104.78919219970703,14.263444900512695
76.7181625366211,34.58440017700195
63.223697662353516,29.13102912902832
64.93799591064453,29.230693817138672
61.35591506958008,20.699283599853516
71.2926254272461,31.156248092651367
79.36480712890625,40.973262786865234
83.37713623046875,42.7769660949707
78.27523803710938,35.32212448120117
73.5735092163086,25.426847457885742
78.59571075439453,40.19977951049805
74.07467651367188,29.66473960876465
69.87229919433594,24.01841926574707
79.78362274169922,14.130136489868164
85.42142486572266,0.7645342350006104
75.80339813232422,-1.8747602701187134
56.429168701171875,54.70378494262695
82.93566131591797,35.317237854003906
66.03209686279297,12.648138046264648
78.20979309082031,8.188427925109863
63.194580078125,45.61969757080078
79.16624450683594,12.333450317382812
77.29349517822266,46.783687591552734
89.20132446289062,15.15497875213623
53.536949157714844,30.385540008544922
79.43863677978516,19.239784240722656
89.43521118164062,3.3414337635040283
75.65870666503906,36.0970458984375
77.7750473022461,22.7471923828125
80.8382797241211,-10.753519058227539
91.62217712402344,4.792792320251465
79.24686431884766,13.334436416625977
75.83650207519531,-9.778624534606934
76.99703979492188,9.317940711975098
93.44157409667969,16.500802993774414
75.90068054199219,21.402008056640625
69.04276275634766,20.731090545654297
62.47748565673828,35.84367752075195
76.65933227539062,25.011457443237305
80.91108703613281,29.24001693725586
82.35408020019531,9.717421531677246
88.0028076171875,5.698349952697754
71.82549285888672,43.12624740600586
77.79842376708984,11.267065048217773
55.19747543334961,41.837608337402344
92.10212707519531,31.6986026763916
80.4641342163086,38.16598129272461
82.31160736083984,41.22549057006836
91.1246566772461,26.610843658447266
77.9623031616211,34.82793045043945
87.08296966552734,25.874135971069336
70.33606719970703,46.78351974487305
62.273590087890625,33.7813835144043
76.96043395996094,18.162952423095703
81.82278442382812,19.458600997924805
80.61903381347656,9.935836791992188
85.43787384033203,6.27435302734375
64.34355926513672,44.2938117980957
72.96573638916016,24.06532096862793
74.49266052246094,2.072017192840576
87.73138427734375,16.67487144470215
73.55598449707031,23.50564193725586
94.38999938964844,17.0191707611084
79.6972885131836,23.46260643005371
62.044437408447266,38.30806350708008
86.81173706054688,28.090627670288086
86.27531433105469,13.201178550720215
77.01561737060547,22.604543685913086
77.4305419921875,22.89977264404297
87.38128662109375,18.10771942138672
83.52833557128906,-0.6610163450241089
63.95948028564453,27.6173038482666
83.74669647216797,41.910762786865234
95.15491485595703,10.611672401428223
79.15650177001953,3.672335624694824
79.66544342041016,25.015037536621094
92.2850341796875,7.476423740386963
88.0387191772461,27.807044982910156
87.45557403564453,-1.2261450290679932
79.95094299316406,27.778244018554688
62.87709426879883,21.06936264038086
97.3643569946289,17.378101348876953
87.02217864990234,23.857494354248047
80.8624267578125,30.364233016967773
81.06033325195312,18.69651985168457
65.27883911132812,39.697261810302734
62.15941619873047,49.531673431396484
95.64556121826172,26.33268928527832
68.9209976196289,39.5158805847168
86.92805480957031,15.36392593383789
61.3185920715332,40.52067565917969
77.67070770263672,-158.89060974121094
79.38331604003906,-176.509033203125
68.08003997802734,-152.34205627441406
81.22392272949219,-179.014892578125
65.55390930175781,-160.10752868652344
50.518436431884766,-141.88282775878906
74.56111145019531,-159.49493408203125
65.6618881225586,-151.00112915039062
75.87320709228516,-142.9848175048828
65.90621948242188,-177.15966796875
64.01128387451172,-152.6219482421875
77.2423095703125,-151.5167236328125
87.19792175292969,-160.81146240234375
62.717464447021484,-157.52346801757812
82.21143341064453,-162.67578125
87.49300384521484,-149.7783203125
76.16365814208984,-171.59217834472656
89.06069946289062,-155.74468994140625
56.6233024597168,-150.23260498046875
97.73037719726562,-159.7174530029297
78.71092987060547,-179.4567413330078
94.07820129394531,-164.92137145996094
79.54588317871094,-179.28050231933594
52.4463005065918,-134.9445037841797
49.502559661865234,-167.9583282470703
95.21806335449219,177.63357543945312
71.87632751464844,-169.82395935058594
66.34911346435547,-151.07669067382812
54.862552642822266,-158.72630310058594
49.84019088745117,-141.29071044921875
81.58214569091797,-163.7193603515625
72.52107238769531,-136.56634521484375
79.22003173828125,-145.377197265625
73.18000030517578,-176.5785369873047
92.3487548828125,-172.11019897460938
80.98967742919922,-158.61520385742188
84.49156188964844,-178.6861114501953
77.19973754882812,-155.59205627441406
84.00749206542969,-152.4622802734375
85.15274047851562,-161.87457275390625
85.36675262451172,-166.18235778808594
82.94184875488281,-154.1013641357422
69.87115478515625,-141.45582580566406
89.35314178466797,172.6018524169922
84.78213500976562,-159.97854614257812
63.995018005371094,-138.2824249267578
78.46406555175781,-148.79457092285156
58.837589263916016,-159.15382385253906
82.45164489746094,140.05072021484375
69.56983184814453,-167.52159118652344
73.19950103759766,170.52186584472656
70.47274017333984,-155.23089599609375
89.20343017578125,-170.1866455078125
37.066341400146484,-126.75264739990234
84.763427734375,-152.9429931640625
58.0144157409668,-157.3053436279297
62.40679931640625,-156.07852172851562
42.94609451293945,-149.86708068847656
88.0129623413086,174.29330444335938
75.95574951171875,-156.98934936523438
81.9913101196289,-172.18798828125
92.14308166503906,-143.9329071044922
81.26240539550781,-157.79293823242188
73.33566284179688,-172.7833251953125
68.44231414794922,-165.92869567871094
92.87015533447266,175.21417236328125
80.87022399902344,-167.9563446044922
65.38237762451172,-151.54702758789062
82.67021942138672,-156.27369689941406
78.74203491210938,-161.5326385498047
61.2073974609375,-141.516357421875
42.85853576660156,-145.48977661132812
71.25361633300781,-154.5008087158203
64.7618179321289,-166.32138061523438
48.1667366027832,-166.81307983398438
75.06307220458984,-148.01480102539062
77.01119232177734,-160.8021697998047
55.247230529785156,-150.54949951171875
78.21892547607422,-178.51351928710938
75.0457534790039,-144.00270080566406
98.59770202636719,-179.6199951171875
73.94366455078125,-158.88998413085938
63.517120361328125,-166.6938934326172
42.7823371887207,-158.08116149902344
88.6141128540039,-174.13084411621094
82.13188934326172,-153.22286987304688
87.8076400756836,-161.39486694335938
92.74027252197266,-170.785400390625
76.38288116455078,-164.6945037841797
96.51171875,-137.52691650390625
80.96456146240234,-147.9320068359375
68.31008911132812,-157.2124481201172
91.3740234375,168.92642211914062
79.65943145751953,-165.97320556640625
73.22106170654297,-154.4812774658203
75.48194885253906,-169.20132446289062
95.19579315185547,-172.31800842285156
72.14676666259766,-165.97833251953125
78.87007141113281,-173.97962951660156
69.77890014648438,-163.54238891601562
87.16324615478516,-146.8477783203125
77.6080322265625,-146.04539489746094
85.2435531616211,-162.92697143554688
70.23234558105469,-133.8568115234375
65.36197662353516,-150.3721923828125
72.10320281982422,-161.02203369140625
88.8511962890625,166.60519409179688
75.3907699584961,-179.09994506835938
81.70499420166016,-150.06126403808594
75.1827163696289,179.31874084472656
83.22783660888672,-132.80589294433594
56.288883209228516,-166.69891357421875
63.56086349487305,-173.86407470703125
81.24284362792969,-145.64772033691406
74.99273681640625,-165.97393798828125
75.44811248779297,-154.6703338623047
94.30343627929688,-161.88409423828125
79.29076385498047,-144.25137329101562
87.67593383789062,-163.51446533203125
89.03175354003906,178.8693084716797
79.67024230957031,-124.35563659667969
82.02505493164062,-161.59898376464844
74.38056945800781,-172.79800415039062
91.59950256347656,-159.1097869873047
96.04983520507812,-155.18313598632812
79.9478530883789,-169.67877197265625
74.49903106689453,-151.01150512695312
85.78605651855469,-162.549560546875
64.83149719238281,-143.30348205566406
96.26570129394531,178.6232452392578
90.04052734375,-150.3121795654297
104.00595092773438,-174.7130584716797
83.16171264648438,-164.52520751953125
92.18685913085938,-178.4141387939453
80.93118286132812,-152.0502471923828
64.84983825683594,-154.5170440673828
82.9925308227539,-142.542236328125
59.66740798950195,-161.92562866210938
77.94977569580078,-158.47320556640625
58.9449577331543,-161.34442138671875
84.06146240234375,-160.6291046142578
80.78312683105469,-152.76641845703125
77.07350158691406,-154.79006958007812
74.14247131347656,163.05833435058594
81.18622589111328,-159.4015655517578
72.0785903930664,-155.8932647705078
62.6921501159668,-143.28237915039062
77.14635467529297,-176.03648376464844
72.47389221191406,-162.84356689453125
81.16532897949219,-176.2862091064453
92.90234375,-154.92283630371094
70.73201751708984,-166.51193237304688
60.06039810180664,-134.74192810058594
96.16641998291016,-178.88418579101562
65.90684509277344,-155.9423370361328
91.5137710571289,-172.9849395751953
72.62409973144531,-173.0703887939453
88.07984924316406,-161.00494384765625
82.94043731689453,-139.79248046875
80.67611694335938,-165.92752075195312
81.11517333984375,-171.97006225585938
89.18232727050781,-169.89422607421875
61.296470642089844,175.8900146484375
64.75221252441406,-150.49057006835938
86.36719512939453,-167.14508056640625
98.02713012695312,-178.42086791992188
85.50383758544922,-162.79039001464844
61.1947135925293,-165.8765869140625
83.28781127929688,-168.6329803466797
88.21954345703125,-144.460693359375
98.6861343383789,-157.13697814941406
85.35516357421875,-148.0595703125
82.45653533935547,-169.17677307128906
73.72926330566406,-140.96295166015625
82.43415069580078,-177.0944366455078
90.47908782958984,-172.59457397460938
84.00955963134766,177.1083984375
76.32760620117188,-163.7379150390625
90.91502380371094,-158.0319061279297
70.5591812133789,-160.7266845703125
81.12910461425781,177.6858367919922
56.14378356933594,-166.40582275390625
63.317543029785156,-165.17877197265625
52.878196716308594,-162.52249145507812
82.1954345703125,-155.43011474609375
76.06163787841797,-157.80189514160156
75.8373031616211,-150.85342407226562
63.87599563598633,-162.68539428710938
83.67010498046875,-130.5286407470703
53.71809005737305,-140.83355712890625
80.0244369506836,167.91513061523438
68.94142150878906,-163.00660705566406
93.7721176147461,-149.26930236816406
63.14868927001953,-127.50780487060547
113.7789306640625,153.48196411132812
85.54732513427734,-147.7506103515625
69.99356842041016,-156.82867431640625
73.90296173095703,-128.4717254638672
97.42568969726562,-161.005126953125
74.53746032714844,-173.3418426513672
79.44239044189453,-140.34072875976562
75.48332214355469,-159.43649291992188
75.70744323730469,-169.4970245361328
81.8088150024414,-168.454345703125
63.478599548339844,-143.95782470703125
82.70338439941406,-166.41049194335938
72.7774429321289,-153.1128692626953
82.30245971679688,-150.44024658203125
65.66065216064453,-158.07130432128906
72.47718048095703,-160.84930419921875
77.48654174804688,-167.8718719482422
82.033203125,170.92935180664062
60.25410842895508,-164.12493896484375
61.323272705078125,-141.80374145507812
75.22669982910156,-163.94691467285156
86.19459533691406,-166.68344116210938
81.64008331298828,-151.94651794433594
71.43634033203125,-163.5834197998047
73.08673095703125,-154.03392028808594
71.05514526367188,-166.69754028320312
79.33673858642578,-171.33987426757812
72.90031433105469,-150.15191650390625
83.33207702636719,-166.18492126464844
60.83572769165039,-138.4291534423828
73.76888275146484,-163.48342895507812
77.07194519042969,-133.4402313232422
78.51082611083984,-156.48944091796875
79.8841552734375,-174.3687744140625
70.78746795654297,-147.5294952392578
75.3332290649414,-148.1033172607422
75.5259780883789,-166.69528198242188
62.08300018310547,-161.24551391601562
49.34402084350586,-164.01205444335938
72.57920837402344,-163.37753295898438
67.32568359375,-172.36297607421875
79.40400695800781,-143.60133361816406
54.0493278503418,-163.60281372070312
58.18292999267578,-142.34132385253906
68.30220794677734,-162.75332641601562
52.781288146972656,-150.9850616455078
93.76390075683594,-135.92767333984375
56.583683013916016,-142.7264404296875
77.604248046875,167.40663146972656
58.92490768432617,-161.26605224609375
65.9095230102539,-150.76866149902344
84.56280517578125,-165.79322814941406
79.9390640258789,-134.84799194335938
49.84409713745117,-141.21327209472656
84.02120208740234,-130.8468780517578
95.08334350585938,-149.2010955810547
91.00843048095703,-161.89981079101562
59.026512145996094,-134.62435913085938
104.15823364257812,-163.49087524414062
81.45035552978516,-161.86831665039062
90.70342254638672,-159.75973510742188
73.31173706054688,-152.7331085205078
81.19184875488281,-154.7865447998047
70.79983520507812,-177.49966430664062
55.160884857177734,-159.64138793945312
107.91007995605469,-177.20413208007812
73.05048370361328,-141.4962158203125
75.98773193359375,175.9723358154297
75.34249114990234,-176.0141143798828
80.38619232177734,-144.28392028808594
67.83193969726562,-151.216064453125
76.21145629882812,179.86668395996094
55.81309127807617,-157.03086853027344
76.41376495361328,170.26243591308594
67.2699966430664,-150.3779296875
71.96160888671875,-170.0647735595703
71.86225891113281,-156.13641357421875
68.88875579833984,-157.99591064453125
66.76886749267578,-131.32522583007812
60.7469596862793,-154.99977111816406
71.41830444335938,-132.0393829345703
77.94801330566406,-157.69932556152344
79.71296691894531,-159.35728454589844
71.37043762207031,-151.307373046875
88.66299438476562,-137.21340942382812
67.09447479248047,-129.21180725097656
87.6450424194336,179.9965057373047
65.73503112792969,-170.8436279296875
66.4755630493164,-169.95338439941406
84.4176254272461,-161.98033142089844
77.21121978759766,-165.9776611328125
83.74016571044922,-177.3665771484375
75.07231903076172,-172.04904174804688
66.26310729980469,-170.24624633789062
60.9514045715332,177.35646057128906
90.8501205444336,-157.90794372558594
66.9375228881836,-151.2957305908203
81.21295166015625,-158.9730682373047
70.92317199707031,-168.19271850585938
99.9527816772461,-148.99404907226562
88.9891357421875,-159.0697021484375
65.36933898925781,-159.41444396972656
53.2498779296875,-167.9463348388672
81.15100860595703,-171.64462280273438
80.6202392578125,-154.29893493652344
62.10965347290039,-164.6818084716797
63.546417236328125,-152.9156951904297
78.29327392578125,-148.5939178466797
69.6085205078125,-144.85848999023438
79.6092529296875,-144.08616638183594
67.49627685546875,-147.47410583496094
97.22723388671875,-123.86510467529297
63.186527252197266,-119.23612213134766
53.60904312133789,-157.36026000976562
75.31981658935547,165.51718139648438
94.4330062866211,-163.72808837890625
92.07357788085938,-145.05943298339844
82.29607391357422,-169.90524291992188
88.15282440185547,-169.89849853515625
67.32849884033203,-159.48350524902344
76.08721160888672,-160.8428955078125
77.72526550292969,-165.15286254882812
74.9691390991211,-167.9077911376953
83.19313049316406,-169.0226593017578
88.55696868896484,-150.58203125
73.42326354980469,-153.02325439453125
68.26266479492188,-151.27249145507812
70.36804962158203,-148.85540771484375
63.19366455078125,-147.61090087890625
89.96212005615234,-137.71726989746094
73.3614501953125,-155.29098510742188
107.1269302368164,-156.03993225097656
57.517940521240234,-155.21954345703125
74.54447937011719,-165.10203552246094
77.69053649902344,-158.63601684570312
68.54027557373047,-159.47991943359375
78.95941925048828,-136.2061767578125
60.784568786621094,-150.793212890625
64.3148422241211,-155.45689392089844
88.7894058227539,-166.72303771972656
65.96701049804688,-165.150634765625
89.45213317871094,-156.53018188476562
78.31038665771484,-143.68565368652344
67.03430938720703,-139.2725830078125
86.67103576660156,-147.9114532470703
69.94316101074219,-158.2044677734375
76.53404998779297,-128.9812774658203
92.22416687011719,165.96434020996094
64.20614624023438,-170.16539001464844
75.98164367675781,-147.51052856445312
75.37518310546875,-164.4467315673828
82.18704223632812,-156.81753540039062
80.84153747558594,-155.55267333984375
48.225860595703125,-171.78561401367188
84.927001953125,-138.45672607421875
82.14752960205078,-153.76931762695312
64.4678726196289,-161.21182250976562
80.82440948486328,178.8587188720703
84.72150421142578,-176.125
96.6949691772461,-155.98348999023438
78.91239929199219,-170.31927490234375
75.54586791992188,-150.810302734375
51.40544891357422,-145.1399688720703
72.12239837646484,-139.08876037597656
58.11772155761719,-150.9866180419922
76.96864318847656,-144.57679748535156
80.46492767333984,-165.84365844726562
89.49678039550781,-173.16592407226562
62.99872589111328,-159.6513671875
78.10823822021484,-150.90037536621094
75.23535919189453,-115.08711242675781
66.99917602539062,-152.87640380859375
73.20291137695312,-158.508056640625
83.87095642089844,159.30081176757812
91.36432647705078,-162.40867614746094
85.33566284179688,-169.74276733398438
64.39125061035156,-146.24234008789062
70.51911163330078,177.51754760742188
74.11878204345703,-154.13043212890625
67.51653289794922,-153.2040252685547
82.54669189453125,-132.07965087890625
95.35411071777344,167.78741455078125
87.41093444824219,163.42405700683594
50.6999626159668,-145.40585327148438
69.71348571777344,-136.06173706054688
68.04692840576172,-160.54241943359375
62.93753433227539,-139.109619140625
57.64545440673828,-149.25965881347656
54.192481994628906,-130.23489379882812
69.57750701904297,-161.26075744628906
56.96593475341797,-155.71707153320312
57.95484924316406,-140.5926513671875
60.782833099365234,-151.73162841796875
78.49134826660156,-177.15997314453125
59.28319549560547,-147.8467254638672
69.7901840209961,-158.430419921875
55.01111602783203,-151.9878692626953
72.90796661376953,-160.9493865966797
84.46156311035156,-169.30612182617188
69.40318298339844,-152.99034118652344
59.188987731933594,-148.44100952148438
56.761348724365234,-156.62368774414062
56.287471771240234,170.9420928955078
64.82215118408203,-167.47450256347656
60.66421890258789,-151.4953155517578
57.53273010253906,171.87863159179688
64.24329376220703,179.35049438476562
60.029293060302734,-150.78158569335938
70.75656127929688,-148.853515625
73.61064910888672,-158.4081268310547
80.46534729003906,-171.7306365966797
69.0825424194336,-153.508056640625
69.21416473388672,-155.16055297851562
46.1406135559082,-164.1328125
72.59654998779297,-136.09808349609375
75.10071563720703,-157.9547119140625
51.273067474365234,-153.5434112548828
66.85082244873047,-148.2262420654297
49.92881393432617,-150.0765838623047
61.84452438354492,-139.41885375976562
48.223480224609375,-157.16297912597656
86.33294677734375,-165.83763122558594
79.77062225341797,-165.71080017089844
75.39381408691406,-141.45895385742188
65.34635925292969,-166.07540893554688
83.72077941894531,-142.58767700195312
71.97980499267578,-167.0818634033203
77.88111877441406,-162.32342529296875
104.2788314819336,165.73043823242188
67.13218688964844,-171.07235717773438
78.12030792236328,-150.24566650390625
58.07197189331055,-134.8192901611328
77.24727630615234,-163.0806427001953
74.85649108886719,-128.8824462890625
63.850257873535156,-174.26324462890625
83.15445709228516,-178.22442626953125
79.9483871459961,-161.35311889648438
62.028045654296875,-157.46070861816406
51.55515670776367,-155.30169677734375
85.91488647460938,-171.98504638671875
71.56885528564453,-154.51112365722656
77.22077941894531,168.77212524414062
75.25323486328125,-160.09474182128906
80.86687469482422,-151.00770568847656
61.45587921142578,-156.68165588378906
67.67902374267578,-161.44921875
64.51457214355469,-137.90838623046875
78.26496887207031,-153.14984130859375
76.55535125732422,-139.97817993164062
72.0887222290039,-170.23251342773438
80.89104461669922,-159.82180786132812
65.51892852783203,-129.96734619140625
70.79792785644531,-164.32806396484375
41.809654235839844,-152.94068908691406
84.9924087524414,-147.9005584716797
70.83956909179688,-172.18145751953125
82.23896026611328,-175.10899353027344
73.78681182861328,-176.2871551513672
74.46658325195312,-152.8193359375
70.6891860961914,-170.01959228515625
68.14744567871094,-151.5929718017578
75.90673828125,-159.55108642578125
86.12368774414062,-167.97482299804688
76.22702026367188,-143.17483520507812
88.61561584472656,-154.11563110351562
75.78264617919922,-157.6803436279297
69.79842376708984,-167.74806213378906
59.399810791015625,-143.79281616210938
82.28105163574219,179.50047302246094
55.86376953125,-179.77191162109375
80.75281524658203,-167.335693359375
72.96833038330078,-153.73023986816406
71.44010925292969,-144.08609008789062
50.67572021484375,-153.31396484375
56.684478759765625,-165.50686645507812
105.77059936523438,-171.7495880126953
68.79141998291016,-157.8603057861328
68.19943237304688,-166.2998809814453
80.21859741210938,-157.0546112060547
74.20387268066406,-156.02210998535156
64.80776977539062,-175.6530303955078
79.21981048583984,-165.19886779785156
70.81015014648438,-145.76992797851562
81.43840789794922,-163.31932067871094
73.7664566040039,-152.57757568359375
73.6417465209961,-160.6809539794922
85.94190979003906,-142.410888671875
79.44489288330078,170.40611267089844
78.68223571777344,-148.9757080078125
80.73208618164062,-169.0972442626953
64.52271270751953,-141.39651489257812
69.54261779785156,-147.46084594726562
64.37503814697266,-146.7320098876953
76.03551483154297,-163.7328338623047
81.19265747070312,-139.52806091308594
83.139892578125,-170.98025512695312
85.02909851074219,-169.26809692382812
74.30567932128906,-164.6538543701172
77.96105194091797,-173.93435668945312
80.41352844238281,-166.49098205566406
86.13715362548828,174.32972717285156
67.30008697509766,-149.5320587158203
68.37970733642578,-153.2755889892578
61.487770080566406,-156.32504272460938
66.68169403076172,179.982666015625
77.10240936279297,-177.7764892578125
85.57003784179688,-164.70993041992188
76.1093978881836,-174.1199493408203
65.34593963623047,-175.1710968017578
53.089141845703125,-139.62745666503906
86.08048248291016,-155.24786376953125
81.26937103271484,-139.9771270751953
74.49473571777344,-136.08982849121094
60.49603271484375,-139.90919494628906
80.69841766357422,-172.70199584960938
72.47264862060547,-172.25326538085938
73.99638366699219,-177.9560089111328
63.956260681152344,-165.58363342285156
99.66354370117188,-179.0419464111328
72.4249267578125,-172.34197998046875
78.91178131103516,-150.63552856445312
73.99200439453125,-165.64620971679688
92.70536804199219,-151.14923095703125
49.50425720214844,-162.05319213867188
64.63682556152344,-168.72799682617188
72.65301513671875,-145.182373046875
78.69722747802734,-152.3872833251953
66.33865356445312,-149.65391540527344
80.45966339111328,163.98703002929688
68.22505187988281,-136.15147399902344
86.16307067871094,-156.22581481933594
85.63829040527344,-165.20465087890625
82.26834106445312,-149.40383911132812
69.10460662841797,-166.22903442382812
79.35305786132812,-167.74468994140625
68.28253936767578,-162.337890625
67.47746276855469,-167.53030395507812
67.1089096069336,-160.95828247070312
49.09209060668945,-162.10801696777344
89.53153991699219,-163.9541015625
69.82391357421875,-142.97012329101562
75.94506072998047,-169.22549438476562
82.97969055175781,-136.31520080566406
68.96368408203125,-157.66943359375
84.61509704589844,-153.6638946533203
85.42231750488281,-145.73995971679688
78.83689880371094,-148.3178253173828
92.10047149658203,-166.60043334960938
82.06583404541016,-162.7965087890625
85.12979125976562,-153.2067413330078
92.75365447998047,174.23089599609375
76.1678695678711,-133.9038543701172
81.35011291503906,-157.62075805664062
73.98387908935547,-158.01113891601562
68.81119537353516,-128.5662078857422
51.48257827758789,-160.05447387695312
81.58950805664062,-168.25550842285156
85.86353302001953,163.99537658691406
63.52411651611328,171.9503936767578
79.35281372070312,-151.9575653076172
88.17547607421875,174.80160522460938
51.412479400634766,-176.8070526123047
67.0750961303711,-156.00985717773438
84.08966064453125,-169.2842254638672
72.43315124511719,-175.8243408203125
51.06420135498047,-139.48257446289062
74.59748840332031,-175.3168182373047
82.4639663696289,-158.3640899658203
59.64872360229492,-171.2383575439453
64.42523956298828,-172.36676025390625
84.57528686523438,-145.5891571044922
50.95226287841797,-149.36270141601562
78.01911926269531,-162.28273010253906
64.20389556884766,-149.42388916015625
68.57897186279297,-158.95785522460938
86.41473388671875,-156.7671661376953
84.2578353881836,-163.27369689941406
60.36766815185547,-165.24795532226562
74.77935028076172,-140.43331909179688
69.6867904663086,-159.79937744140625
86.90912628173828,-157.88006591796875
67.42015075683594,173.3923797607422
72.81864166259766,-170.73233032226562
77.68933868408203,173.481689453125
79.13151550292969,-161.83343505859375
91.54840850830078,-163.752685546875
82.74382019042969,-159.87362670898438
64.73551177978516,-157.75181579589844
56.61452102661133,-143.77178955078125
67.20449829101562,-158.98777770996094
57.55747604370117,-127.46183776855469
88.05462646484375,172.11199951171875
59.19417190551758,-173.36495971679688
73.5659408569336,-132.2199249267578
72.26683044433594,-143.05433654785156
63.12257766723633,-126.29086303710938
68.63874053955078,175.49288940429688
82.4142074584961,-173.3671417236328
57.5494499206543,-145.8858184814453
67.8218765258789,-164.54086303710938
71.62052154541016,-159.46986389160156
63.4067268371582,-161.4321746826172
80.2055435180664,-178.5492706298828
68.22010040283203,-156.92962646484375
91.39581298828125,169.93203735351562
62.92992401123047,-165.8008575439453
74.65803527832031,-158.13916015625
88.2534408569336,-136.4051055908203
74.25099182128906,-175.56822204589844
79.48896789550781,-155.72183227539062
84.62906646728516,-171.50408935546875
61.70509338378906,-175.26634216308594
87.0340576171875,-132.68777465820312
78.12403869628906,-168.53155517578125
74.97525787353516,-146.83267211914062
73.32038879394531,-169.80455017089844
96.3900146484375,177.87950134277344
68.40442657470703,-161.67364501953125
88.90238952636719,-168.45579528808594
78.20217895507812,-152.6283721923828
70.86129760742188,-167.72000122070312
78.37747955322266,-133.97793579101562
87.88106536865234,-142.06715393066406
44.92666244506836,-149.77447509765625
75.50682067871094,-153.45448303222656
70.54280090332031,-175.30899047851562
68.45006561279297,-157.483642578125
102.25727081298828,-161.97764587402344
47.15458297729492,-146.4749298095703
66.89790344238281,-151.0487518310547
52.81354522705078,-171.3192138671875
79.42951965332031,-143.7280731201172
82.78307342529297,-155.3555145263672
65.21662902832031,-166.04217529296875
80.89893341064453,-148.60183715820312
59.756927490234375,-146.24545288085938
59.613704681396484,-169.09445190429688
91.8691177368164,-155.73861694335938
64.67313385009766,-157.48252868652344
73.20755004882812,-155.69891357421875
